# |coint vector
9 [1.0000 0.9696 -2.0129 0.6061 ]
8 [1.0000 0.9205 -1.8855 0.5752 ]
7 [1.0000 0.8208 -1.7191 0.5475 ]
6 [1.0000 0.7563 -1.5938 0.5328 ]
5 [1.0000 0.6782 -1.3928 0.5170 ]
4 [1.0000 0.6095 -1.1745 0.5038 ]
3 [1.0000 0.5021 -0.9789 0.4845 ]
2 [1.0000 0.2834 -0.6346 0.3194 ]
1 [1.0000 0.0238 -0.3704 0.3509 ]

9 [1.0000 2.0270 -3.4741 1.0372 ]
8 [1.0000 2.0353 -3.4262 1.0554 ]
7 [1.0000 2.0037 -3.3178 1.0826 ]
6 [1.0000 2.0601 -3.2616 1.1003 ]
5 [1.0000 2.1211 -3.2523 1.1208 ]
4 [1.0000 2.0809 -3.0639 1.1707 ]
3 [1.0000 2.2234 -3.0381 1.3734 ]
2 [1.0000 2.7343 -3.1381 1.4020 ]
1 [1.0000 2.5033 -2.3611 1.4462 ]

9 [1.0000 1.8082 -3.8658 0.9469 ]
8 [1.0000 1.7883 -3.8498 0.9406 ]
7 [1.0000 1.7826 -3.8556 0.9345 ]
6 [1.0000 1.6045 -3.5956 0.8537 ]
5 [1.0000 1.4493 -3.1698 0.7974 ]
4 [1.0000 1.4103 -2.8946 0.7137 ]
3 [1.0000 1.5246 -2.8531 0.6281 ]
2 [1.0000 0.6713 -1.8283 0.3509 ]
1 [1.0000 -0.1511 -0.8130 -0.0328 ]

9 [1.0000 2.5178 -5.3186 1.2325 ]
8 [1.0000 2.5823 -5.4919 1.2637 ]
7 [1.0000 2.5701 -5.5302 1.2871 ]
6 [1.0000 2.6029 -5.6225 1.3147 ]
5 [1.0000 2.6515 -5.7349 1.3850 ]
4 [1.0000 2.7554 -6.1020 1.3733 ]
3 [1.0000 2.9419 -6.8209 1.3349 ]
2 [1.0000 3.8878 -9.7905 1.5982 ]
1 [1.0000 -42.6975 127.8488 -5.8640 ]

9 [1.0000 2.8255 -4.9063 1.3303 ]
8 [1.0000 2.9638 -5.0548 1.3818 ]
7 [1.0000 3.1847 -5.3049 1.4712 ]
6 [1.0000 3.5017 -5.6826 1.5623 ]
5 [1.0000 3.4985 -5.4530 1.4911 ]
4 [1.0000 3.8491 -5.5234 1.5880 ]
3 [1.0000 4.4633 -5.5434 1.5946 ]
2 [1.0000 4.8346 -5.8777 2.1042 ]
1 [1.0000 5.7460 -5.6137 3.2058 ]

9 [1.0000 2.2341 -4.7556 1.0615 ]
8 [1.0000 2.2697 -4.8644 1.0668 ]
7 [1.0000 2.3142 -4.9932 1.0827 ]
6 [1.0000 2.2116 -4.8091 1.0475 ]
5 [1.0000 2.1918 -5.1503 1.1692 ]
4 [1.0000 2.0369 -4.9457 1.1020 ]
3 [1.0000 1.7100 -4.5211 0.9392 ]
2 [1.0000 1.3825 -4.1511 0.7370 ]
1 [1.0000 1.2467 -4.1832 0.0642 ]

9 [1.0000 5.1338 -10.6217 2.5597 ]
8 [1.0000 6.5350 -13.6272 3.2551 ]
7 [1.0000 10.6681 -22.2652 5.2473 ]
6 [1.0000 -343.3463 713.3885 -165.3115 ]
5 [1.0000 -8.4383 17.7473 -4.0248 ]
4 [1.0000 -3.0018 6.9146 -1.4630 ]
3 [1.0000 -1.4493 3.5721 -0.6080 ]
2 [1.0000 -0.5997 1.8081 -0.1847 ]
1 [1.0000 -0.0294 0.8642 -0.1749 ]

9 [1.0000 2.4731 -4.3982 0.5782 ]
8 [1.0000 2.5412 -4.4596 0.5168 ]
7 [1.0000 2.3796 -3.8558 0.3916 ]
6 [1.0000 2.5157 -3.9663 0.2972 ]
5 [1.0000 2.6809 -4.0040 0.1863 ]
4 [1.0000 2.6605 -3.5828 -0.0228 ]
3 [1.0000 3.0391 -3.5443 -0.3100 ]
2 [1.0000 3.7103 -3.3196 -0.8692 ]
1 [1.0000 7.3743 -4.6661 -1.8527 ]

9 [1.0000 1.5600 -2.6774 0.7686 ]
8 [1.0000 1.5208 -2.5604 0.7491 ]
7 [1.0000 1.4692 -2.4159 0.7227 ]
6 [1.0000 1.3860 -2.2281 0.7003 ]
5 [1.0000 1.2555 -2.0053 0.6720 ]
4 [1.0000 1.1750 -1.7500 0.6462 ]
3 [1.0000 1.1363 -1.4464 0.5932 ]
2 [1.0000 1.0825 -1.1068 0.6048 ]
1 [1.0000 1.3062 -1.4951 0.5486 ]

9 [1.0000 1.7883 -3.2921 1.0427 ]
8 [1.0000 1.7617 -3.2244 1.0440 ]
7 [1.0000 1.7257 -3.1112 1.0373 ]
6 [1.0000 1.8148 -3.1280 1.0757 ]
5 [1.0000 1.7889 -3.0191 1.1162 ]
4 [1.0000 1.7544 -2.8942 1.1249 ]
3 [1.0000 1.7591 -2.6153 1.1395 ]
2 [1.0000 1.9077 -2.3322 1.2199 ]
1 [1.0000 2.3647 -2.6221 1.3108 ]

9 [1.0000 1.5254 -3.1737 0.3107 ]
8 [1.0000 1.4804 -3.0831 0.2379 ]
7 [1.0000 1.4248 -2.9684 0.1486 ]
6 [1.0000 1.3174 -2.8001 0.0331 ]
5 [1.0000 1.2035 -2.5781 -0.1049 ]
4 [1.0000 1.0434 -2.1583 -0.2698 ]
3 [1.0000 0.8803 -1.7460 -0.4560 ]
2 [1.0000 0.7620 -1.0664 -0.7524 ]
1 [1.0000 0.1890 -0.1696 -0.7772 ]

9 [1.0000 1.8171 -4.4121 0.8249 ]
8 [1.0000 1.8111 -4.4937 0.7981 ]
7 [1.0000 2.3554 -5.2894 0.8908 ]
6 [1.0000 2.5145 -5.6928 0.9599 ]
5 [1.0000 2.7871 -6.4411 1.0576 ]
4 [1.0000 3.4031 -8.3267 1.1498 ]
3 [1.0000 3.4893 -9.9059 0.9596 ]
2 [1.0000 2.2413 -8.1101 0.6652 ]
1 [1.0000 0.2554 -2.0374 0.7763 ]

9 [1.0000 1.9964 -3.3690 0.5621 ]
8 [1.0000 1.9374 -3.2205 0.4914 ]
7 [1.0000 1.9181 -3.1025 0.4121 ]
6 [1.0000 1.8753 -2.9482 0.3546 ]
5 [1.0000 1.8059 -2.6944 0.2006 ]
4 [1.0000 1.7953 -2.3662 0.0312 ]
3 [1.0000 1.7749 -1.9538 -0.1496 ]
2 [1.0000 1.5747 -1.4705 -0.2762 ]
1 [1.0000 1.4148 -0.9503 -0.5062 ]

9 [1.0000 2.3519 -3.4213 1.3283 ]
8 [1.0000 2.4301 -3.3823 1.3877 ]
7 [1.0000 2.5446 -3.3420 1.4739 ]
6 [1.0000 2.8159 -3.4264 1.6175 ]
5 [1.0000 2.5298 -2.6140 1.4943 ]
4 [1.0000 3.0781 -2.8594 2.0906 ]
3 [1.0000 3.7667 -2.2767 2.4678 ]
2 [1.0000 7.6457 -1.1519 6.1806 ]
1 [1.0000 -2.8274 -2.7778 -3.3732 ]

9 [1.0000 2.1326 -4.1094 0.6603 ]
8 [1.0000 2.1145 -4.0380 0.5981 ]
7 [1.0000 2.6504 -4.9224 0.7053 ]
6 [1.0000 2.7614 -4.9711 0.5757 ]
5 [1.0000 3.1951 -5.4691 0.5034 ]
4 [1.0000 3.4079 -5.7988 0.4130 ]
3 [1.0000 4.0921 -6.7754 0.0210 ]
2 [1.0000 9.7433 -14.4927 -1.4342 ]
1 [1.0000 3.9456 -6.5827 0.9205 ]

9 [1.0000 1.6136 -3.8063 0.3584 ]
8 [1.0000 1.5657 -3.7624 0.2841 ]
7 [1.0000 1.4990 -3.7256 0.1865 ]
6 [1.0000 1.3178 -3.5094 0.0683 ]
5 [1.0000 1.2959 -3.5774 -0.1062 ]
4 [1.0000 1.0863 -3.4712 -0.2546 ]
3 [1.0000 0.9325 -3.5489 -0.6854 ]
2 [1.0000 0.4001 -3.3585 -1.4482 ]
1 [1.0000 -1.2826 -2.7974 -4.4847 ]

9 [1.0000 2.0286 -4.9520 1.2447 ]
8 [1.0000 2.0274 -5.0876 1.2756 ]
7 [1.0000 2.0189 -5.2596 1.3140 ]
6 [1.0000 1.9546 -5.5746 1.4019 ]
5 [1.0000 1.8749 -5.9439 1.5374 ]
4 [1.0000 1.6285 -5.6945 1.4393 ]
3 [1.0000 1.0185 -4.9292 1.3599 ]
2 [1.0000 0.0199 -5.2451 1.1999 ]
1 [1.0000 2.2606 5.1992 -0.2333 ]

9 [1.0000 1.4962 -3.5566 0.9466 ]
8 [1.0000 1.4335 -3.4918 0.9353 ]
7 [1.0000 1.3591 -3.4191 0.9241 ]
6 [1.0000 1.2615 -3.3168 0.9072 ]
5 [1.0000 1.1081 -3.1015 0.7979 ]
4 [1.0000 1.1919 -3.1019 0.8558 ]
3 [1.0000 1.0618 -2.7745 0.6302 ]
2 [1.0000 0.6324 -2.3412 0.5047 ]
1 [1.0000 -0.0115 -1.1268 0.0157 ]

9 [1.0000 2.4754 -4.7805 1.1773 ]
8 [1.0000 2.5361 -4.8745 1.1985 ]
7 [1.0000 2.7323 -5.2050 1.2839 ]
6 [1.0000 2.8212 -5.3082 1.3091 ]
5 [1.0000 3.1801 -6.0299 1.4779 ]
4 [1.0000 3.4314 -6.4782 1.5243 ]
3 [1.0000 3.7159 -6.7035 1.3781 ]
2 [1.0000 6.1296 -9.9646 1.8516 ]
1 [1.0000 8.0750 -12.1200 2.8638 ]

9 [1.0000 1.5836 -3.7969 0.8634 ]
8 [1.0000 1.5380 -3.7681 0.8470 ]
7 [1.0000 1.5623 -3.7968 0.8360 ]
6 [1.0000 1.4740 -3.5966 0.7260 ]
5 [1.0000 1.4452 -3.7014 0.6716 ]
4 [1.0000 1.4280 -3.8990 0.7138 ]
3 [1.0000 1.1911 -3.5571 0.5785 ]
2 [1.0000 0.9512 -3.6468 0.2933 ]
1 [1.0000 1.4322 -4.2923 0.1122 ]

9 [1.0000 2.7539 -4.9210 1.1967 ]
8 [1.0000 2.8932 -5.0989 1.2350 ]
7 [1.0000 2.9724 -5.2000 1.2344 ]
6 [1.0000 3.1061 -5.3521 1.2389 ]
5 [1.0000 3.2582 -5.5677 1.2582 ]
4 [1.0000 3.6551 -6.2803 1.3694 ]
3 [1.0000 3.9722 -6.4591 1.2458 ]
2 [1.0000 4.5451 -6.5629 1.0941 ]
1 [1.0000 3.0704 -4.3111 0.3509 ]

9 [1.0000 2.1803 -4.1808 0.6966 ]
8 [1.0000 2.2147 -4.1987 0.6625 ]
7 [1.0000 2.9852 -5.0904 0.9241 ]
6 [1.0000 2.5124 -4.4489 0.7285 ]
5 [1.0000 2.6526 -4.4966 0.6862 ]
4 [1.0000 2.5307 -4.2437 0.5721 ]
3 [1.0000 2.8769 -4.5443 0.6072 ]
2 [1.0000 3.8198 -5.8784 0.9770 ]
1 [1.0000 -6.9579 8.9753 -0.8980 ]

9 [1.0000 2.8201 -5.8996 1.1536 ]
8 [1.0000 2.9707 -6.2408 1.1744 ]
7 [1.0000 3.1201 -6.6016 1.1907 ]
6 [1.0000 3.2639 -7.0311 1.1936 ]
5 [1.0000 3.8551 -8.0133 1.3014 ]
4 [1.0000 6.5330 -13.4994 1.6063 ]
3 [1.0000 34.5134 -74.5962 6.9365 ]
2 [1.0000 -4.1420 9.1958 -0.5163 ]
1 [1.0000 -1.0198 2.1968 0.2187 ]

9 [1.0000 1.4524 -3.9638 1.1880 ]
8 [1.0000 1.3770 -3.9811 1.2081 ]
7 [1.0000 1.2915 -3.9269 1.2369 ]
6 [1.0000 1.1226 -3.7125 1.0095 ]
5 [1.0000 0.9140 -3.6225 1.0084 ]
4 [1.0000 0.6242 -3.5294 0.8577 ]
3 [1.0000 0.2415 -3.4324 0.7096 ]
2 [1.0000 -0.2849 -3.5540 0.4854 ]
1 [1.0000 -1.7342 -3.5174 -0.2543 ]

9 [1.0000 3.5201 -5.0401 1.5198 ]
8 [1.0000 3.8330 -5.2820 1.6180 ]
7 [1.0000 4.2646 -5.6258 1.7756 ]
6 [1.0000 5.0239 -6.2446 2.0499 ]
5 [1.0000 5.7951 -6.6915 2.2633 ]
4 [1.0000 8.4590 -8.6572 3.1916 ]
3 [1.0000 53.4239 -44.7194 18.7385 ]
2 [1.0000 -6.5436 3.4569 -1.9270 ]
1 [1.0000 -2.1258 -0.0269 -0.5039 ]

9 [1.0000 2.2695 -4.7682 1.2467 ]
8 [1.0000 2.2752 -4.8164 1.2645 ]
7 [1.0000 2.3002 -4.9169 1.2975 ]
6 [1.0000 2.2915 -4.9243 1.2859 ]
5 [1.0000 2.5030 -5.5056 1.4008 ]
4 [1.0000 2.3987 -5.4150 1.1289 ]
3 [1.0000 2.3761 -5.5218 1.1242 ]
2 [1.0000 2.8914 -6.4540 1.5866 ]
1 [1.0000 1.2885 -2.1672 1.5621 ]

9 [1.0000 1.4497 -3.7680 0.7349 ]
8 [1.0000 1.4122 -3.7907 0.7069 ]
7 [1.0000 1.3523 -3.8128 0.6854 ]
6 [1.0000 1.2605 -3.7132 0.6455 ]
5 [1.0000 1.2612 -3.7821 0.6159 ]
4 [1.0000 1.1891 -3.8856 0.5133 ]
3 [1.0000 1.0462 -3.5888 0.4423 ]
2 [1.0000 0.8443 -3.2517 0.1970 ]
1 [1.0000 0.5369 -2.8271 -0.1142 ]

9 [1.0000 1.9667 -4.0375 0.3637 ]
8 [1.0000 1.9632 -4.0526 0.2766 ]
7 [1.0000 2.0071 -4.1875 0.1628 ]
6 [1.0000 2.3128 -4.7320 -0.0661 ]
5 [1.0000 2.5490 -5.2146 -0.3969 ]
4 [1.0000 2.9857 -5.8856 -1.0008 ]
3 [1.0000 4.8140 -8.7218 -2.6969 ]
2 [1.0000 -105.6235 205.7698 128.6873 ]
1 [1.0000 -0.3028 1.7786 3.6385 ]

9 [1.0000 2.3861 -4.6766 1.1823 ]
8 [1.0000 2.4257 -4.7470 1.1991 ]
7 [1.0000 2.4983 -4.8740 1.2102 ]
6 [1.0000 2.5411 -4.9679 1.1358 ]
5 [1.0000 2.6407 -5.1368 1.2171 ]
4 [1.0000 2.5956 -5.1416 1.0451 ]
3 [1.0000 2.6293 -5.1797 1.0123 ]
2 [1.0000 2.8435 -5.4745 1.1102 ]
1 [1.0000 8.6271 -23.8181 0.2490 ]

9 [1.0000 1.9151 -3.8566 0.9399 ]
8 [1.0000 1.8870 -3.8115 0.9301 ]
7 [1.0000 1.8762 -3.8010 0.9374 ]
6 [1.0000 1.8727 -3.8378 0.9706 ]
5 [1.0000 1.8519 -4.0865 1.1548 ]
4 [1.0000 1.8286 -4.1815 1.1091 ]
3 [1.0000 1.6952 -4.4364 1.1393 ]
2 [1.0000 1.5081 -4.0322 0.7242 ]
1 [1.0000 0.9478 -3.5310 0.1292 ]

9 [1.0000 1.9868 -3.7597 1.1632 ]
8 [1.0000 1.9897 -3.7327 1.1867 ]
7 [1.0000 1.9964 -3.7059 1.2190 ]
6 [1.0000 1.9534 -3.6785 1.2873 ]
5 [1.0000 2.2439 -3.8578 1.3163 ]
4 [1.0000 2.5976 -4.1744 1.5572 ]
3 [1.0000 3.0657 -4.5615 1.8209 ]
2 [1.0000 3.6324 -4.1542 2.0145 ]
1 [1.0000 -9.9116 5.2290 -4.6947 ]

9 [1.0000 1.8539 -3.5542 0.7948 ]
8 [1.0000 1.8184 -3.4726 0.7616 ]
7 [1.0000 1.8144 -3.4081 0.6654 ]
6 [1.0000 1.7753 -3.2877 0.6184 ]
5 [1.0000 1.7511 -3.2051 0.6051 ]
4 [1.0000 1.8557 -3.4701 0.6306 ]
3 [1.0000 1.8906 -3.4414 0.6728 ]
2 [1.0000 1.8761 -3.1564 0.6011 ]
1 [1.0000 1.3625 -2.5621 0.4947 ]

9 [1.0000 1.8694 -3.3201 0.7617 ]
8 [1.0000 1.8645 -3.2679 0.7374 ]
7 [1.0000 1.8242 -3.1885 0.6841 ]
6 [1.0000 1.8211 -3.1397 0.6309 ]
5 [1.0000 1.8067 -3.0790 0.5695 ]
4 [1.0000 1.8763 -3.1965 0.5642 ]
3 [1.0000 1.8578 -3.0793 0.4653 ]
2 [1.0000 1.8248 -2.6740 0.3773 ]
1 [1.0000 2.1346 -1.7751 -0.1591 ]

9 [1.0000 2.1595 -3.8002 1.0377 ]
8 [1.0000 2.1724 -3.7756 1.0345 ]
7 [1.0000 2.1776 -3.7498 1.0314 ]
6 [1.0000 2.1919 -3.7160 0.9575 ]
5 [1.0000 2.0284 -3.3455 0.8459 ]
4 [1.0000 1.8204 -2.9177 0.7211 ]
3 [1.0000 1.7746 -2.6431 0.6990 ]
2 [1.0000 1.9546 -2.5250 0.6111 ]
1 [1.0000 1.8314 -1.4713 0.0897 ]

9 [1.0000 1.7938 -3.9021 0.9870 ]
8 [1.0000 1.7677 -3.8830 0.9887 ]
7 [1.0000 1.7327 -3.8599 0.9894 ]
6 [1.0000 1.6847 -3.8265 0.9944 ]
5 [1.0000 1.6473 -3.8300 0.9068 ]
4 [1.0000 1.6734 -4.1377 0.9469 ]
3 [1.0000 1.7040 -4.3899 1.1390 ]
2 [1.0000 1.2819 -4.0372 1.2446 ]
1 [1.0000 1.4184 -2.9063 0.9340 ]

9 [1.0000 3.0012 -5.8220 1.2499 ]
8 [1.0000 3.2084 -6.1811 1.2943 ]
7 [1.0000 3.6854 -7.0037 1.4091 ]
6 [1.0000 4.5867 -8.5595 1.5697 ]
5 [1.0000 6.7171 -12.3145 2.1185 ]
4 [1.0000 16.1490 -28.2346 4.3130 ]
3 [1.0000 -11.0403 18.8641 -1.5190 ]
2 [1.0000 -3.3364 5.7101 -0.3763 ]
1 [1.0000 -0.8352 1.1298 0.4074 ]

9 [1.0000 24.2046 -48.8652 20.5467 ]
8 [1.0000 -42.9850 86.8718 -38.8106 ]
7 [1.0000 -8.2028 16.4466 -7.8754 ]
6 [1.0000 -3.2695 7.3660 -3.4020 ]
5 [1.0000 -1.9673 4.4241 -2.2058 ]
4 [1.0000 -1.1911 2.5656 -1.4276 ]
3 [1.0000 -0.6715 1.4037 -1.0143 ]
2 [1.0000 -0.3488 0.5807 -0.5664 ]
1 [1.0000 -0.4055 0.5585 -0.5198 ]

9 [1.0000 2.2703 -5.0522 1.6406 ]
8 [1.0000 2.3191 -5.2351 1.7508 ]
7 [1.0000 2.4009 -5.4475 1.9029 ]
6 [1.0000 2.6168 -5.6582 2.1536 ]
5 [1.0000 2.7758 -6.1574 2.4005 ]
4 [1.0000 3.2138 -7.8804 3.1765 ]
3 [1.0000 2.9287 -8.5137 3.8650 ]
2 [1.0000 -9.5568 47.2421 -26.8288 ]
1 [1.0000 0.8351 4.5177 -4.9928 ]

9 [1.0000 1.8024 -3.5489 0.8858 ]
8 [1.0000 1.7847 -3.5053 0.8733 ]
7 [1.0000 1.7576 -3.4091 0.8202 ]
6 [1.0000 1.7947 -3.3905 0.7658 ]
5 [1.0000 1.8044 -3.3958 0.6825 ]
4 [1.0000 1.6936 -3.1941 0.5852 ]
3 [1.0000 1.4588 -2.7507 0.6479 ]
2 [1.0000 1.4889 -2.7402 0.7044 ]
1 [1.0000 1.4248 -3.3853 1.2558 ]

9 [1.0000 1.7904 -3.5873 0.7894 ]
8 [1.0000 1.7690 -3.5335 0.7677 ]
7 [1.0000 1.7403 -3.4674 0.7413 ]
6 [1.0000 1.5864 -3.2577 0.6329 ]
5 [1.0000 1.5485 -3.1995 0.5513 ]
4 [1.0000 1.4543 -3.0537 0.4584 ]
3 [1.0000 1.1262 -2.6461 0.2158 ]
2 [1.0000 1.0007 -2.5030 -0.0988 ]
1 [1.0000 0.5962 -1.8798 -0.2915 ]

9 [1.0000 2.0483 -4.4247 0.9784 ]
8 [1.0000 2.0599 -4.4995 0.9896 ]
7 [1.0000 2.0801 -4.6121 1.0090 ]
6 [1.0000 2.1928 -4.9132 1.0828 ]
5 [1.0000 2.0526 -4.4686 0.9117 ]
4 [1.0000 2.0388 -4.5187 0.9261 ]
3 [1.0000 1.9624 -4.2401 0.9901 ]
2 [1.0000 2.2279 -4.3892 1.2859 ]
1 [1.0000 13.1367 -16.3142 6.0162 ]

9 [1.0000 2.6349 -5.0101 1.0004 ]
8 [1.0000 2.6791 -5.1581 1.0524 ]
7 [1.0000 2.7164 -5.1415 1.1140 ]
6 [1.0000 2.9382 -5.6044 1.2969 ]
5 [1.0000 3.2323 -6.1018 1.4546 ]
4 [1.0000 4.0569 -7.5447 1.6862 ]
3 [1.0000 5.1349 -9.2725 1.8115 ]
2 [1.0000 16.7662 -30.9753 2.3252 ]
1 [1.0000 4.6499 -8.6413 0.6325 ]

9 [1.0000 1.8991 -3.8215 0.7472 ]
8 [1.0000 1.8988 -3.8148 0.7320 ]
7 [1.0000 1.8543 -3.9429 0.9174 ]
6 [1.0000 1.8764 -4.0968 0.8494 ]
5 [1.0000 1.8655 -4.0507 0.8076 ]
4 [1.0000 1.8917 -3.9690 0.7686 ]
3 [1.0000 1.8271 -3.8255 0.8229 ]
2 [1.0000 2.4316 -4.6420 0.7798 ]
1 [1.0000 2.0617 -7.0358 1.6323 ]

9 [1.0000 2.1293 -4.2520 1.1950 ]
8 [1.0000 2.1724 -4.3271 1.2394 ]
7 [1.0000 2.2176 -4.4218 1.3038 ]
6 [1.0000 2.2843 -4.5515 1.3896 ]
5 [1.0000 2.4547 -4.7353 1.4073 ]
4 [1.0000 2.6471 -5.0488 1.3991 ]
3 [1.0000 2.8618 -4.8026 1.5281 ]
2 [1.0000 3.2754 -5.6911 2.4548 ]
1 [1.0000 -5.1965 6.2358 -3.8967 ]

9 [1.0000 1.5491 -3.3775 0.7967 ]
8 [1.0000 1.4887 -3.2901 0.7656 ]
7 [1.0000 1.4320 -3.2346 0.7471 ]
6 [1.0000 1.3714 -3.1711 0.7599 ]
5 [1.0000 1.2564 -3.0160 0.6878 ]
4 [1.0000 1.1003 -2.8268 0.6492 ]
3 [1.0000 0.8244 -2.3333 0.5260 ]
2 [1.0000 0.4898 -1.8353 0.2497 ]
1 [1.0000 0.1340 -0.6475 -0.0619 ]

9 [1.0000 1.7981 -4.0344 0.8410 ]
8 [1.0000 1.7737 -4.0454 0.8222 ]
7 [1.0000 1.7227 -4.0255 0.7774 ]
6 [1.0000 1.6092 -3.7798 0.6275 ]
5 [1.0000 1.4551 -3.8162 0.5750 ]
4 [1.0000 1.3218 -3.5908 0.4482 ]
3 [1.0000 1.1072 -3.1393 0.2795 ]
2 [1.0000 1.0653 -3.0360 0.0535 ]
1 [1.0000 0.6260 -2.4192 0.1983 ]

9 [1.0000 2.2941 -4.8455 1.1471 ]
8 [1.0000 2.3330 -4.9661 1.1704 ]
7 [1.0000 2.4054 -5.1825 1.2084 ]
6 [1.0000 2.5327 -5.6898 1.2312 ]
5 [1.0000 2.7672 -6.0499 1.4134 ]
4 [1.0000 2.8899 -6.5102 1.6796 ]
3 [1.0000 3.6428 -9.4170 2.2650 ]
2 [1.0000 3.8833 -9.5109 2.1150 ]
1 [1.0000 3.0327 -7.9837 0.9839 ]

9 [1.0000 2.1350 -3.9313 1.0830 ]
8 [1.0000 2.1615 -3.9328 1.0965 ]
7 [1.0000 2.2120 -3.9481 1.1172 ]
6 [1.0000 2.2595 -3.9500 1.1103 ]
5 [1.0000 2.1230 -3.8113 1.0021 ]
4 [1.0000 1.8747 -3.3924 0.9376 ]
3 [1.0000 1.7778 -3.0579 1.0105 ]
2 [1.0000 1.6368 -2.3125 0.9728 ]
1 [1.0000 1.4946 -2.2002 1.0690 ]

9 [1.0000 2.1843 -4.9084 0.7664 ]
8 [1.0000 2.2138 -5.0461 0.7282 ]
7 [1.0000 2.2553 -5.2363 0.6768 ]
6 [1.0000 2.3188 -5.5042 0.5822 ]
5 [1.0000 2.4657 -5.8419 0.4212 ]
4 [1.0000 2.2498 -5.7909 0.1954 ]
3 [1.0000 1.8612 -5.3490 -0.1805 ]
2 [1.0000 1.2968 -4.5305 -0.7646 ]
1 [1.0000 2.4032 -10.3199 -3.6253 ]

9 [1.0000 1.7858 -3.8676 1.0692 ]
8 [1.0000 1.7697 -3.8687 1.0873 ]
7 [1.0000 1.7492 -3.8659 1.1096 ]
6 [1.0000 1.5835 -3.4251 0.9792 ]
5 [1.0000 1.5156 -3.1426 0.9283 ]
4 [1.0000 1.5111 -3.0396 0.9197 ]
3 [1.0000 1.3974 -2.8972 1.0119 ]
2 [1.0000 1.1004 -2.5528 0.9153 ]
1 [1.0000 0.9028 -1.8617 0.8225 ]

9 [1.0000 1.5516 -3.8060 0.9346 ]
8 [1.0000 1.4949 -3.7649 0.9114 ]
7 [1.0000 1.3895 -3.7009 0.8921 ]
6 [1.0000 1.2318 -3.3147 0.7407 ]
5 [1.0000 1.1196 -3.0806 0.6381 ]
4 [1.0000 0.9942 -2.9552 0.6102 ]
3 [1.0000 0.6118 -2.3495 0.5016 ]
2 [1.0000 0.2874 -1.3118 0.7674 ]
1 [1.0000 -0.2624 -0.4296 0.9973 ]

9 [1.0000 3.1025 -4.9485 1.0811 ]
8 [1.0000 3.2967 -5.1244 1.0971 ]
7 [1.0000 3.5592 -5.3565 1.1160 ]
6 [1.0000 3.6978 -5.4054 1.1117 ]
5 [1.0000 3.3873 -4.5794 0.8912 ]
4 [1.0000 4.2396 -5.2038 0.7772 ]
3 [1.0000 4.7128 -4.9968 0.4288 ]
2 [1.0000 6.6982 -5.7262 -0.2201 ]
1 [1.0000 3.8459 -3.7049 -0.4999 ]

9 [1.0000 1.5155 -2.7718 0.2888 ]
8 [1.0000 1.4758 -2.6801 0.2214 ]
7 [1.0000 1.4290 -2.5684 0.1413 ]
6 [1.0000 1.3789 -2.4567 -0.0004 ]
5 [1.0000 1.3154 -2.2872 -0.1115 ]
4 [1.0000 1.2205 -2.0282 -0.2822 ]
3 [1.0000 1.1395 -1.6948 -0.5185 ]
2 [1.0000 0.8463 -1.3441 -1.0173 ]
1 [1.0000 1.1058 -2.2752 0.3362 ]

9 [1.0000 2.1850 -4.2385 0.9632 ]
8 [1.0000 2.2221 -4.2718 0.9601 ]
7 [1.0000 2.2702 -4.3138 0.9555 ]
6 [1.0000 2.3925 -4.5102 1.0276 ]
5 [1.0000 2.8356 -5.1384 1.2666 ]
4 [1.0000 3.4503 -6.4471 1.5571 ]
3 [1.0000 4.9602 -10.1306 2.4973 ]
2 [1.0000 6.8802 -12.1795 3.9143 ]
1 [1.0000 7.3081 -7.5809 5.2045 ]

9 [1.0000 2.5622 -5.3658 1.3739 ]
8 [1.0000 2.6608 -5.5806 1.4360 ]
7 [1.0000 2.7039 -5.7814 1.4632 ]
6 [1.0000 2.9897 -6.5060 1.5942 ]
5 [1.0000 3.0153 -6.6295 1.6052 ]
4 [1.0000 4.0931 -8.9315 2.1322 ]
3 [1.0000 10.5584 -23.7197 5.5542 ]
2 [1.0000 -17.7666 49.8971 -6.8412 ]
1 [1.0000 -0.8160 8.6688 -0.7465 ]

9 [1.0000 2.0035 -4.4275 0.9716 ]
8 [1.0000 1.9811 -4.3528 0.9494 ]
7 [1.0000 1.9141 -4.2523 0.9340 ]
6 [1.0000 2.0038 -4.4674 0.9306 ]
5 [1.0000 2.0287 -4.5517 0.9224 ]
4 [1.0000 2.0247 -4.4173 0.8552 ]
3 [1.0000 1.9721 -4.1615 0.7954 ]
2 [1.0000 2.0812 -4.1133 0.7340 ]
1 [1.0000 2.2395 -4.8072 -0.1215 ]

9 [1.0000 3.2595 -5.2808 1.7638 ]
8 [1.0000 3.5383 -5.5740 1.9292 ]
7 [1.0000 3.8037 -5.7691 2.0698 ]
6 [1.0000 4.0042 -5.7280 2.2257 ]
5 [1.0000 5.3956 -7.1112 2.9863 ]
4 [1.0000 8.1847 -9.5509 4.2658 ]
3 [1.0000 9.7268 -9.8422 5.0218 ]
2 [1.0000 35.2868 -26.4645 17.6666 ]
1 [1.0000 -2.4801 0.2663 -1.6465 ]

9 [1.0000 1.7233 -3.7655 0.9225 ]
8 [1.0000 1.7031 -3.7572 0.9236 ]
7 [1.0000 1.6695 -3.7124 0.9454 ]
6 [1.0000 1.6367 -3.4639 0.8902 ]
5 [1.0000 1.5928 -3.3366 0.8156 ]
4 [1.0000 1.5030 -3.1061 0.7876 ]
3 [1.0000 1.6277 -3.2529 0.8729 ]
2 [1.0000 1.8835 -3.5487 1.0450 ]
1 [1.0000 8.1484 -12.8508 2.5700 ]

9 [1.0000 6.0971 -14.4750 3.1991 ]
8 [1.0000 8.2566 -20.0409 4.3428 ]
7 [1.0000 15.4607 -38.4172 8.1507 ]
6 [1.0000 -82.2996 207.1874 -40.8855 ]
5 [1.0000 -8.0942 21.0345 -3.8596 ]
4 [1.0000 -3.2377 9.3138 -1.3226 ]
3 [1.0000 -1.5105 5.2118 -0.5493 ]
2 [1.0000 -0.5072 2.9084 -0.1376 ]
1 [1.0000 -0.7235 3.1108 -0.0016 ]

9 [1.0000 2.3477 -5.0935 0.8916 ]
8 [1.0000 2.4201 -5.2563 0.8594 ]
7 [1.0000 2.3728 -5.2288 0.7876 ]
6 [1.0000 2.4168 -5.4496 0.7484 ]
5 [1.0000 2.2307 -5.2458 0.7556 ]
4 [1.0000 2.7298 -6.5146 0.7342 ]
3 [1.0000 2.9477 -7.2489 0.4040 ]
2 [1.0000 2.3360 -6.6090 -0.7646 ]
1 [1.0000 1.4639 -3.9154 -1.2171 ]

9 [1.0000 2.0394 -3.7519 0.9061 ]
8 [1.0000 2.0321 -3.6956 0.8884 ]
7 [1.0000 1.9908 -3.5747 0.8534 ]
6 [1.0000 1.9665 -3.5005 0.8177 ]
5 [1.0000 1.9949 -3.5742 0.8071 ]
4 [1.0000 1.8327 -3.3237 0.8297 ]
3 [1.0000 1.9992 -3.5565 0.9285 ]
2 [1.0000 2.6749 -4.5369 0.9553 ]
1 [1.0000 12.7571 -23.9642 -1.2414 ]

9 [1.0000 1.9841 -3.4221 1.2164 ]
8 [1.0000 1.9361 -3.2873 1.2064 ]
7 [1.0000 1.8768 -3.0933 1.1756 ]
6 [1.0000 1.8187 -2.9230 1.1565 ]
5 [1.0000 1.7556 -2.8275 1.1211 ]
4 [1.0000 1.8472 -2.7854 1.0729 ]
3 [1.0000 1.8078 -2.4469 0.9627 ]
2 [1.0000 1.7124 -1.8556 0.7787 ]
1 [1.0000 1.2508 -1.2685 0.6334 ]

9 [1.0000 2.4612 -3.8224 1.2182 ]
8 [1.0000 2.5247 -3.7968 1.2494 ]
7 [1.0000 2.6180 -3.7766 1.2907 ]
6 [1.0000 2.6814 -3.6634 1.3316 ]
5 [1.0000 3.0407 -3.8919 1.4481 ]
4 [1.0000 3.9824 -4.5984 1.8589 ]
3 [1.0000 4.5011 -4.5210 2.2816 ]
2 [1.0000 5.2990 -3.7988 3.0228 ]
1 [1.0000 6.1484 -1.3778 3.1509 ]

9 [1.0000 1.9257 -3.9230 0.6381 ]
8 [1.0000 1.9037 -3.8963 0.5879 ]
7 [1.0000 1.8991 -3.9194 0.5375 ]
6 [1.0000 1.8910 -3.9297 0.4688 ]
5 [1.0000 2.0089 -4.2205 0.4321 ]
4 [1.0000 1.7506 -3.9548 0.3364 ]
3 [1.0000 1.7611 -4.4522 0.0964 ]
2 [1.0000 1.6236 -5.6903 -0.2031 ]
1 [1.0000 -1.8608 7.4040 0.4935 ]

9 [1.0000 1.5438 -3.5812 0.3660 ]
8 [1.0000 1.4921 -3.5341 0.2971 ]
7 [1.0000 1.4358 -3.4945 0.2055 ]
6 [1.0000 1.3727 -3.4932 0.1054 ]
5 [1.0000 1.2910 -3.4563 -0.0088 ]
4 [1.0000 1.2262 -3.3999 -0.1000 ]
3 [1.0000 1.0414 -3.2181 -0.3956 ]
2 [1.0000 0.7222 -2.7895 -0.9017 ]
1 [1.0000 0.6211 -2.5509 -1.4582 ]

9 [1.0000 2.1054 -3.2567 0.9038 ]
8 [1.0000 1.9043 -3.0108 0.7669 ]
7 [1.0000 1.7811 -2.8949 0.6890 ]
6 [1.0000 1.8042 -2.8150 0.6711 ]
5 [1.0000 1.7279 -2.7076 0.6544 ]
4 [1.0000 1.6891 -2.5010 0.6910 ]
3 [1.0000 1.6469 -2.2598 0.6440 ]
2 [1.0000 1.6647 -1.8763 0.4026 ]
1 [1.0000 -9.2465 3.2015 -1.8066 ]

9 [1.0000 7.0444 -15.1615 2.5418 ]
8 [1.0000 10.4730 -22.7253 3.5568 ]
7 [1.0000 23.7009 -52.1120 7.7305 ]
6 [1.0000 -15.0056 36.0356 -5.0302 ]
5 [1.0000 -5.1362 12.9274 -2.0973 ]
4 [1.0000 -2.3437 6.2358 -1.1580 ]
3 [1.0000 -0.8334 2.5778 -0.3988 ]
2 [1.0000 -0.2958 1.2788 -0.0754 ]
1 [1.0000 -0.3152 0.3288 0.0145 ]

9 [1.0000 1.9861 -3.8327 1.2043 ]
8 [1.0000 1.9717 -3.7938 1.2089 ]
7 [1.0000 1.9524 -3.7410 1.2244 ]
6 [1.0000 2.0102 -3.8509 1.2592 ]
5 [1.0000 2.0543 -3.9304 1.3973 ]
4 [1.0000 2.0753 -3.9715 1.5844 ]
3 [1.0000 2.4345 -4.7651 2.0425 ]
2 [1.0000 2.4167 -4.9673 2.4664 ]
1 [1.0000 5.3785 -8.9316 4.5843 ]

9 [1.0000 2.5829 -5.4221 1.1091 ]
8 [1.0000 2.6641 -5.6335 1.1079 ]
7 [1.0000 2.6478 -5.6300 1.0550 ]
6 [1.0000 2.2045 -4.8011 0.7844 ]
5 [1.0000 2.4681 -5.2358 0.8181 ]
4 [1.0000 2.7852 -5.9871 0.7382 ]
3 [1.0000 3.8347 -8.1032 0.5371 ]
2 [1.0000 9.9231 -22.1362 -0.0250 ]
1 [1.0000 2.6359 -6.1834 -1.2183 ]

9 [1.0000 1.7013 -4.0929 0.9098 ]
8 [1.0000 1.7231 -4.2106 0.8746 ]
7 [1.0000 1.8736 -4.5516 0.8697 ]
6 [1.0000 16.3795 -22.0164 -1.7827 ]
5 [1.0000 -40.9957 48.3965 8.4476 ]
4 [1.0000 -5.8585 6.2301 2.1175 ]
3 [1.0000 -2.3642 1.9164 1.3289 ]
2 [1.0000 -2.0058 0.6659 2.1371 ]
1 [1.0000 8.3151 -14.7286 -7.9900 ]

9 [1.0000 3.0518 -5.6986 1.5277 ]
8 [1.0000 3.2957 -6.1132 1.6503 ]
7 [1.0000 3.0644 -5.6882 1.5028 ]
6 [1.0000 3.0814 -5.6479 1.4135 ]
5 [1.0000 3.4700 -6.2193 1.5694 ]
4 [1.0000 4.4902 -7.7336 1.9738 ]
3 [1.0000 6.7761 -11.3552 2.4515 ]
2 [1.0000 -13.2695 24.0716 -3.8947 ]
1 [1.0000 -2.2224 -9.9219 1.5907 ]

9 [1.0000 2.6084 -4.1128 0.8439 ]
8 [1.0000 2.7440 -4.2361 0.8074 ]
7 [1.0000 2.8156 -4.2153 0.7319 ]
6 [1.0000 3.3877 -4.8601 0.7548 ]
5 [1.0000 3.4252 -4.6354 0.6490 ]
4 [1.0000 3.4345 -4.3720 0.4698 ]
3 [1.0000 4.2143 -4.4783 0.1057 ]
2 [1.0000 5.1617 -4.0345 -0.6391 ]
1 [1.0000 3.2956 -1.5115 -2.1457 ]

9 [1.0000 2.3889 -4.8327 1.2681 ]
8 [1.0000 2.5293 -5.0960 1.3249 ]
7 [1.0000 2.6448 -5.3289 1.3664 ]
6 [1.0000 2.9552 -5.9206 1.5162 ]
5 [1.0000 3.4709 -6.8254 1.8127 ]
4 [1.0000 4.2075 -8.5539 2.1657 ]
3 [1.0000 5.2354 -11.7658 3.0606 ]
2 [1.0000 125.3344 -307.1611 40.5549 ]
1 [1.0000 -2.3880 4.6151 0.1388 ]

9 [1.0000 1.5409 -3.1202 1.1277 ]
8 [1.0000 1.4978 -3.0248 1.1396 ]
7 [1.0000 1.4618 -2.9668 1.1958 ]
6 [1.0000 1.4769 -2.9931 1.2482 ]
5 [1.0000 1.5175 -3.1404 1.3799 ]
4 [1.0000 1.4476 -2.9791 1.3921 ]
3 [1.0000 1.2229 -2.6993 1.4221 ]
2 [1.0000 1.0078 -2.3068 1.4280 ]
1 [1.0000 0.7864 -2.0780 1.9850 ]

9 [1.0000 2.1911 -3.8835 0.8624 ]
8 [1.0000 2.2392 -3.9049 0.8536 ]
7 [1.0000 2.2420 -3.8546 0.8341 ]
6 [1.0000 2.1966 -3.7380 0.8392 ]
5 [1.0000 2.3656 -4.0714 0.8491 ]
4 [1.0000 2.4831 -4.2688 0.8026 ]
3 [1.0000 2.6728 -4.3429 0.8963 ]
2 [1.0000 2.3770 -3.4916 0.5626 ]
1 [1.0000 1.7405 -2.2716 0.4972 ]

9 [1.0000 2.3165 -3.6428 0.7630 ]
8 [1.0000 2.3552 -3.5942 0.7370 ]
7 [1.0000 2.4445 -3.5636 0.7012 ]
6 [1.0000 2.4139 -3.3817 0.5295 ]
5 [1.0000 2.6211 -3.4347 0.3932 ]
4 [1.0000 2.9218 -3.4674 0.1927 ]
3 [1.0000 4.0485 -3.7477 -0.0261 ]
2 [1.0000 4.7020 -3.3106 -0.2325 ]
1 [1.0000 5.5568 -2.6990 -1.7378 ]

9 [1.0000 2.0956 -4.1666 0.9506 ]
8 [1.0000 2.1427 -4.2523 0.9757 ]
7 [1.0000 2.2520 -4.4032 1.0123 ]
6 [1.0000 2.3820 -4.5728 1.0421 ]
5 [1.0000 2.5957 -4.8329 1.0342 ]
4 [1.0000 0.8677 -2.1555 -1.1715 ]
3 [1.0000 0.7204 -1.4095 -1.7656 ]
2 [1.0000 0.3220 -0.4111 -4.0179 ]
1 [1.0000 3.2558 -3.9574 -4.1780 ]

9 [1.0000 1.9770 -5.0947 0.9051 ]
8 [1.0000 1.8899 -5.1736 0.8021 ]
7 [1.0000 1.8372 -5.3138 0.7048 ]
6 [1.0000 1.7106 -5.3522 0.5732 ]
5 [1.0000 2.0002 -6.9924 0.6543 ]
4 [1.0000 2.2274 -8.6090 0.4792 ]
3 [1.0000 3.4900 -16.4090 -0.2144 ]
2 [1.0000 -3.2398 21.5324 3.5167 ]
1 [1.0000 -1.0252 4.8857 0.5162 ]

9 [1.0000 8.3574 -19.7385 4.6563 ]
8 [1.0000 18.6926 -45.3739 10.5635 ]
7 [1.0000 -23.7731 60.4893 -13.9342 ]
6 [1.0000 -6.2620 16.5822 -3.7743 ]
5 [1.0000 -2.5426 6.7388 -1.5941 ]
4 [1.0000 -1.2541 3.7308 -1.0205 ]
3 [1.0000 -0.4335 1.8699 -0.6217 ]
2 [1.0000 0.0104 0.7881 -0.0830 ]
1 [1.0000 -0.8863 2.2883 -1.0981 ]

9 [1.0000 1.7718 -3.4875 0.8684 ]
8 [1.0000 1.7394 -3.4221 0.8512 ]
7 [1.0000 1.6997 -3.3418 0.8297 ]
6 [1.0000 1.6158 -3.0931 0.8236 ]
5 [1.0000 1.5084 -2.8903 0.8048 ]
4 [1.0000 1.4941 -2.7311 0.7641 ]
3 [1.0000 1.3294 -2.5175 0.7669 ]
2 [1.0000 1.2073 -2.3006 0.8321 ]
1 [1.0000 0.6853 -2.5202 0.7671 ]

9 [1.0000 2.2846 -4.7380 1.0304 ]
8 [1.0000 2.3268 -4.8491 1.0305 ]
7 [1.0000 2.3973 -5.0419 1.0586 ]
6 [1.0000 2.2740 -4.7160 0.9826 ]
5 [1.0000 2.2559 -4.4667 0.9870 ]
4 [1.0000 2.3593 -4.6287 0.9139 ]
3 [1.0000 2.2173 -4.4878 0.7557 ]
2 [1.0000 1.7828 -3.8896 0.6725 ]
1 [1.0000 3.3926 -6.1913 0.4137 ]

9 [1.0000 2.8195 -6.3395 1.7837 ]
8 [1.0000 2.9809 -6.8107 1.9421 ]
7 [1.0000 3.4104 -8.0459 2.3564 ]
6 [1.0000 3.4563 -7.9937 2.5600 ]
5 [1.0000 3.2470 -7.3478 2.5494 ]
4 [1.0000 3.5491 -8.4490 3.1216 ]
3 [1.0000 4.7171 -12.3112 5.0488 ]
2 [1.0000 15.0599 -44.9928 23.9346 ]
1 [1.0000 -1.1907 5.8796 -5.4272 ]

9 [1.0000 1.8587 -3.1824 0.3036 ]
8 [1.0000 1.8473 -3.0987 0.2315 ]
7 [1.0000 1.8597 -3.0370 0.1398 ]
6 [1.0000 1.8104 -2.8429 -0.0045 ]
5 [1.0000 1.9293 -2.8604 -0.2045 ]
4 [1.0000 1.8512 -2.5461 -0.4203 ]
3 [1.0000 1.9930 -2.2198 -0.7525 ]
2 [1.0000 2.2397 -1.6575 -1.8044 ]
1 [1.0000 1.7027 0.6303 -2.5953 ]

9 [1.0000 2.6775 -4.9694 1.0662 ]
8 [1.0000 2.7692 -5.0049 1.0605 ]
7 [1.0000 2.9367 -5.1935 1.0570 ]
6 [1.0000 3.0157 -5.2668 1.0690 ]
5 [1.0000 3.3063 -5.4359 1.1241 ]
4 [1.0000 3.6717 -5.7102 0.9626 ]
3 [1.0000 5.1745 -7.3223 1.0862 ]
2 [1.0000 11.3121 -14.5561 0.5821 ]
1 [1.0000 -21.0177 27.5425 -9.2967 ]

9 [1.0000 1.8726 -3.1508 1.0424 ]
8 [1.0000 1.8347 -3.0327 1.0481 ]
7 [1.0000 1.6944 -2.7701 1.0469 ]
6 [1.0000 1.7768 -2.7044 1.0879 ]
5 [1.0000 1.8239 -2.6366 1.1685 ]
4 [1.0000 1.6990 -2.3978 1.2567 ]
3 [1.0000 1.7050 -2.1697 1.3741 ]
2 [1.0000 1.5568 -1.5267 1.5781 ]
1 [1.0000 1.3580 -0.2212 1.7010 ]

9 [1.0000 2.3348 -4.3246 0.9035 ]
8 [1.0000 2.4137 -4.4305 0.9168 ]
7 [1.0000 2.4628 -4.4827 0.9235 ]
6 [1.0000 2.4993 -4.4692 0.8864 ]
5 [1.0000 2.4120 -4.3036 0.8245 ]
4 [1.0000 2.5856 -4.3323 0.6669 ]
3 [1.0000 2.8518 -4.6271 0.5567 ]
2 [1.0000 3.2426 -5.3389 0.3010 ]
1 [1.0000 1.6630 -2.5690 0.0800 ]

9 [1.0000 1.6204 -3.4184 1.1330 ]
8 [1.0000 1.5781 -3.3437 1.1448 ]
7 [1.0000 1.5180 -3.2463 1.1758 ]
6 [1.0000 1.5186 -3.3274 1.2911 ]
5 [1.0000 1.4473 -3.1608 1.2501 ]
4 [1.0000 1.3570 -3.1861 1.4786 ]
3 [1.0000 1.1141 -2.8552 1.5259 ]
2 [1.0000 0.8244 -2.5067 1.8048 ]
1 [1.0000 0.5424 -1.4716 1.4482 ]

9 [1.0000 2.3685 -5.0567 0.8885 ]
8 [1.0000 2.4486 -5.2705 0.8839 ]
7 [1.0000 2.5110 -5.4647 0.8501 ]
6 [1.0000 2.6182 -5.8065 0.8069 ]
5 [1.0000 2.9813 -6.4072 0.7838 ]
4 [1.0000 3.1210 -6.5683 0.6753 ]
3 [1.0000 3.9489 -8.1103 0.4440 ]
2 [1.0000 6.1398 -11.9817 -0.8592 ]
1 [1.0000 -3.2363 15.6530 4.7902 ]

9 [1.0000 1.6271 -3.3243 1.0279 ]
8 [1.0000 1.5905 -3.2561 1.0349 ]
7 [1.0000 1.5685 -3.2424 1.0780 ]
6 [1.0000 1.4944 -3.1073 1.0866 ]
5 [1.0000 1.4110 -2.9585 1.1193 ]
4 [1.0000 1.2451 -2.7141 1.0929 ]
3 [1.0000 1.0716 -2.2256 1.0060 ]
2 [1.0000 0.8980 -1.8218 0.9081 ]
1 [1.0000 0.7565 -0.8975 0.1802 ]

9 [1.0000 2.0778 -5.5726 0.9652 ]
8 [1.0000 2.0928 -5.8690 0.9622 ]
7 [1.0000 2.1060 -6.2755 0.9561 ]
6 [1.0000 2.1307 -6.8387 0.9213 ]
5 [1.0000 2.5264 -8.9659 0.9174 ]
4 [1.0000 2.7558 -13.1593 0.6060 ]
3 [1.0000 9.9616 -71.5521 -2.5129 ]
2 [1.0000 -0.1441 17.1640 2.8527 ]
1 [1.0000 0.5280 4.5989 1.5485 ]

9 [1.0000 1.3359 -2.7347 0.6293 ]
8 [1.0000 1.2784 -2.6168 0.5954 ]
7 [1.0000 1.2179 -2.4887 0.5580 ]
6 [1.0000 1.1188 -2.2749 0.4566 ]
5 [1.0000 0.9772 -2.0465 0.3628 ]
4 [1.0000 0.8791 -1.8993 0.2037 ]
3 [1.0000 0.7888 -1.6693 0.1340 ]
2 [1.0000 0.5591 -1.3219 0.0298 ]
1 [1.0000 0.1399 -0.7027 -0.1502 ]

9 [1.0000 3.0887 -6.1122 1.7901 ]
8 [1.0000 3.3071 -6.5230 1.9492 ]
7 [1.0000 3.6174 -7.1190 2.1893 ]
6 [1.0000 4.8265 -9.7279 2.8723 ]
5 [1.0000 7.0994 -14.2497 4.2766 ]
4 [1.0000 22.5816 -48.0135 14.3753 ]
3 [1.0000 -12.3043 27.8116 -8.9072 ]
2 [1.0000 -1.7524 4.0017 -1.5569 ]
1 [1.0000 -0.2674 0.7095 -0.1542 ]

9 [1.0000 1.4049 -3.1547 1.0347 ]
8 [1.0000 1.3325 -3.1376 1.0511 ]
7 [1.0000 1.2721 -3.0985 1.0788 ]
6 [1.0000 1.1690 -2.9809 1.1067 ]
5 [1.0000 1.0839 -2.8354 1.1637 ]
4 [1.0000 0.8888 -2.6416 1.2176 ]
3 [1.0000 0.6882 -2.1842 1.2380 ]
2 [1.0000 0.3248 -1.6307 1.2476 ]
1 [1.0000 -0.4206 -1.5851 1.9233 ]

9 [1.0000 1.5050 -3.3631 0.9858 ]
8 [1.0000 1.4409 -3.2654 0.9785 ]
7 [1.0000 1.3912 -3.1863 0.9708 ]
6 [1.0000 1.2604 -2.9255 0.9281 ]
5 [1.0000 1.0755 -2.7234 0.8192 ]
4 [1.0000 0.8591 -2.4061 0.7161 ]
3 [1.0000 0.7088 -2.3751 0.8337 ]
2 [1.0000 0.3714 -2.2687 0.9032 ]
1 [1.0000 -0.0271 -1.9760 0.9864 ]

9 [1.0000 1.9823 -3.9249 0.7868 ]
8 [1.0000 1.8308 -3.6232 0.7808 ]
7 [1.0000 1.7361 -3.4435 0.7416 ]
6 [1.0000 1.6174 -3.1865 0.7105 ]
5 [1.0000 1.5259 -3.1136 0.6604 ]
4 [1.0000 1.4654 -3.0083 0.6114 ]
3 [1.0000 1.4533 -3.0269 0.6137 ]
2 [1.0000 1.2261 -2.7504 0.5468 ]
1 [1.0000 0.6239 -1.9684 -0.0295 ]

9 [1.0000 2.0682 -4.5088 1.1356 ]
8 [1.0000 2.0782 -4.5587 1.1477 ]
7 [1.0000 2.4069 -5.0625 1.2849 ]
6 [1.0000 2.1372 -4.8161 1.1539 ]
5 [1.0000 1.9021 -4.5326 1.1025 ]
4 [1.0000 1.8379 -4.7161 1.2139 ]
3 [1.0000 1.5740 -4.8576 1.2065 ]
2 [1.0000 1.4884 -5.0905 1.3766 ]
1 [1.0000 0.9631 -5.6219 1.7134 ]

9 [1.0000 1.4691 -3.2101 0.7946 ]
8 [1.0000 1.4205 -3.1426 0.7791 ]
7 [1.0000 1.3660 -3.0619 0.7661 ]
6 [1.0000 1.2614 -3.0112 0.7416 ]
5 [1.0000 1.1017 -2.8705 0.6656 ]
4 [1.0000 0.9930 -2.6899 0.5836 ]
3 [1.0000 0.8863 -2.5326 0.5371 ]
2 [1.0000 0.7121 -2.1574 0.2604 ]
1 [1.0000 0.5499 -1.8240 0.1203 ]

9 [1.0000 2.4150 -4.5292 1.0046 ]
8 [1.0000 2.4649 -4.5961 1.0002 ]
7 [1.0000 2.5482 -4.7037 0.9927 ]
6 [1.0000 2.4294 -4.3571 0.8377 ]
5 [1.0000 2.3503 -4.1635 0.7573 ]
4 [1.0000 2.4404 -4.3233 0.6826 ]
3 [1.0000 2.5940 -4.2673 0.7339 ]
2 [1.0000 2.3753 -3.3165 0.3369 ]
1 [1.0000 1.8364 -1.8159 -0.1435 ]

9 [1.0000 1.8094 -3.5727 0.9048 ]
8 [1.0000 1.7971 -3.5406 0.8944 ]
7 [1.0000 1.8583 -3.5859 0.8858 ]
6 [1.0000 1.8385 -3.5972 0.8463 ]
5 [1.0000 1.9004 -3.6442 0.8661 ]
4 [1.0000 2.1235 -3.9044 0.8443 ]
3 [1.0000 1.5259 -2.6065 0.4952 ]
2 [1.0000 1.3159 -2.1082 0.3531 ]
1 [1.0000 1.2725 -1.1825 0.0475 ]

9 [1.0000 1.6138 -3.5567 0.8277 ]
8 [1.0000 1.5845 -3.5232 0.8123 ]
7 [1.0000 1.5728 -3.5075 0.8186 ]
6 [1.0000 1.5668 -3.5352 0.8358 ]
5 [1.0000 1.4586 -3.3678 0.7463 ]
4 [1.0000 1.4498 -3.5660 0.7069 ]
3 [1.0000 1.4060 -3.5718 0.7752 ]
2 [1.0000 1.3464 -4.1727 0.7343 ]
1 [1.0000 1.1351 -4.6887 0.9839 ]

