# |coint vector
9 [1.0000 2.3006 -4.2794 0.6941 ]
8 [1.0000 2.4066 -4.4517 0.6985 ]
7 [1.0000 2.0481 -3.7285 0.7450 ]
6 [1.0000 2.1573 -4.1709 0.8080 ]
5 [1.0000 2.1037 -4.0759 0.7722 ]
4 [1.0000 2.1767 -4.2439 0.8237 ]
3 [1.0000 2.1039 -4.0002 0.6789 ]
2 [1.0000 2.0588 -3.9173 0.6400 ]
1 [1.0000 1.5564 -3.1623 0.4742 ]

9 [1.0000 1.6961 -3.2663 0.9263 ]
8 [1.0000 1.6826 -3.2231 0.9471 ]
7 [1.0000 1.9035 -3.3592 0.8321 ]
6 [1.0000 1.7048 -3.0240 0.8066 ]
5 [1.0000 1.7390 -3.0518 0.9075 ]
4 [1.0000 1.6648 -2.9100 0.9871 ]
3 [1.0000 1.7477 -2.9998 1.0017 ]
2 [1.0000 1.9595 -3.4479 1.1109 ]
1 [1.0000 1.8051 -2.9997 0.8776 ]

9 [1.0000 1.5819 -3.4526 1.2749 ]
8 [1.0000 1.5563 -3.4352 1.3245 ]
7 [1.0000 1.7797 -3.8523 1.3521 ]
6 [1.0000 1.8892 -4.1174 1.4495 ]
5 [1.0000 1.9492 -4.3305 1.4184 ]
4 [1.0000 1.9035 -4.3858 1.2398 ]
3 [1.0000 1.9109 -4.6082 1.1472 ]
2 [1.0000 1.7710 -4.2943 0.9841 ]
1 [1.0000 1.6322 -4.1225 0.8313 ]

9 [1.0000 2.0175 -4.1019 0.9001 ]
8 [1.0000 2.0118 -4.0969 0.8678 ]
7 [1.0000 1.9797 -4.0465 0.8333 ]
6 [1.0000 1.9006 -3.8985 0.7244 ]
5 [1.0000 1.6590 -3.4138 0.5086 ]
4 [1.0000 1.8893 -3.8041 0.5210 ]
3 [1.0000 2.2135 -4.2821 0.7443 ]
2 [1.0000 2.5963 -4.4171 0.8944 ]
1 [1.0000 2.2372 -3.3735 0.9307 ]

9 [1.0000 2.0382 -4.1498 0.8870 ]
8 [1.0000 2.0471 -4.1735 0.8785 ]
7 [1.0000 2.0651 -4.2003 0.8674 ]
6 [1.0000 2.1599 -4.4430 0.9183 ]
5 [1.0000 2.0562 -4.1760 0.9411 ]
4 [1.0000 2.3334 -4.6532 1.0972 ]
3 [1.0000 2.3927 -4.8302 1.1520 ]
2 [1.0000 2.6130 -5.4858 1.4452 ]
1 [1.0000 2.4561 -5.5799 1.6681 ]

9 [1.0000 1.8805 -3.7564 1.0127 ]
8 [1.0000 1.8848 -3.7725 1.0304 ]
7 [1.0000 1.8876 -3.7834 1.0225 ]
6 [1.0000 1.9926 -4.0536 1.0854 ]
5 [1.0000 1.8614 -3.8357 1.1263 ]
4 [1.0000 1.8511 -3.7312 1.1076 ]
3 [1.0000 1.7549 -3.5825 1.0119 ]
2 [1.0000 1.8499 -3.7365 0.9603 ]
1 [1.0000 1.7689 -3.8243 1.0006 ]

9 [1.0000 2.1370 -4.0879 1.0098 ]
8 [1.0000 2.1566 -4.0954 1.0056 ]
7 [1.0000 2.1531 -4.0649 0.9896 ]
6 [1.0000 2.1114 -3.9390 0.9818 ]
5 [1.0000 2.0037 -3.7676 1.0585 ]
4 [1.0000 2.1118 -3.9111 0.9249 ]
3 [1.0000 2.0894 -3.4747 0.8367 ]
2 [1.0000 2.4564 -3.8590 0.8443 ]
1 [1.0000 2.5611 -3.8336 0.8806 ]

9 [1.0000 2.1588 -4.0341 1.0093 ]
8 [1.0000 2.2181 -4.1087 1.0131 ]
7 [1.0000 2.2947 -4.2039 1.0146 ]
6 [1.0000 2.2858 -4.1094 1.0517 ]
5 [1.0000 2.3285 -4.0636 1.0491 ]
4 [1.0000 2.2176 -3.6520 0.9708 ]
3 [1.0000 2.1162 -3.4077 0.8242 ]
2 [1.0000 2.2045 -3.2760 0.8460 ]
1 [1.0000 2.2423 -2.9806 0.7861 ]

9 [1.0000 1.6929 -3.4371 0.9084 ]
8 [1.0000 1.6704 -3.3851 0.8123 ]
7 [1.0000 1.6226 -3.3003 0.6953 ]
6 [1.0000 1.4365 -2.7572 0.7508 ]
5 [1.0000 1.4578 -2.7519 0.8142 ]
4 [1.0000 1.6464 -3.0620 0.9909 ]
3 [1.0000 1.7673 -3.1955 1.1698 ]
2 [1.0000 2.1581 -3.5461 1.2971 ]
1 [1.0000 2.1793 -3.9336 1.2810 ]

9 [1.0000 2.1709 -4.1690 1.0631 ]
8 [1.0000 2.1802 -4.1577 1.0589 ]
7 [1.0000 2.2004 -4.1607 1.0719 ]
6 [1.0000 2.2497 -4.1901 1.1126 ]
5 [1.0000 2.1389 -3.8942 0.9920 ]
4 [1.0000 2.0851 -3.6541 0.9050 ]
3 [1.0000 1.7611 -2.9488 0.7410 ]
2 [1.0000 2.0012 -3.2631 0.7644 ]
1 [1.0000 1.6878 -2.3991 0.5608 ]

9 [1.0000 1.8897 -3.8644 1.0169 ]
8 [1.0000 1.8967 -3.8949 1.0096 ]
7 [1.0000 1.8011 -3.6506 1.0114 ]
6 [1.0000 1.8664 -3.8972 1.2036 ]
5 [1.0000 1.7805 -3.6948 1.0332 ]
4 [1.0000 1.8937 -3.9920 1.0816 ]
3 [1.0000 1.9245 -3.9807 1.0906 ]
2 [1.0000 2.0098 -4.4106 1.3575 ]
1 [1.0000 2.3067 -5.2934 1.2972 ]

9 [1.0000 1.8451 -3.8558 0.9320 ]
8 [1.0000 1.8606 -3.9188 0.9490 ]
7 [1.0000 1.8671 -3.9989 0.9718 ]
6 [1.0000 1.9126 -4.1619 1.0048 ]
5 [1.0000 2.0328 -4.2098 1.0217 ]
4 [1.0000 1.9508 -3.7839 0.9744 ]
3 [1.0000 2.0272 -3.9988 0.9550 ]
2 [1.0000 1.8531 -3.8336 0.7895 ]
1 [1.0000 1.7601 -3.5679 0.5996 ]

9 [1.0000 1.6219 -2.8274 0.8966 ]
8 [1.0000 1.7206 -3.0328 0.8315 ]
7 [1.0000 1.7893 -3.1534 0.9168 ]
6 [1.0000 1.7958 -3.1561 0.9127 ]
5 [1.0000 1.7583 -3.1942 0.9266 ]
4 [1.0000 1.6893 -3.0095 0.8504 ]
3 [1.0000 1.7695 -3.0297 0.8955 ]
2 [1.0000 1.8795 -2.9714 0.7791 ]
1 [1.0000 1.4646 -2.4738 0.4616 ]

9 [1.0000 2.0607 -3.9438 0.9685 ]
8 [1.0000 2.0884 -3.9841 0.9746 ]
7 [1.0000 1.9750 -3.7726 0.9217 ]
6 [1.0000 2.0210 -3.9307 0.9091 ]
5 [1.0000 1.9999 -3.8158 0.8014 ]
4 [1.0000 2.2203 -4.3534 1.0171 ]
3 [1.0000 2.1040 -4.0357 1.0072 ]
2 [1.0000 1.9695 -3.8404 1.0220 ]
1 [1.0000 2.1697 -4.2928 1.0907 ]

9 [1.0000 1.9760 -3.5542 0.8374 ]
8 [1.0000 1.9393 -3.4429 0.8324 ]
7 [1.0000 2.4431 -4.3612 1.1249 ]
6 [1.0000 2.5982 -4.5923 1.2028 ]
5 [1.0000 2.6268 -4.5194 1.2371 ]
4 [1.0000 2.0514 -3.5572 0.8504 ]
3 [1.0000 1.7003 -2.8139 0.6690 ]
2 [1.0000 1.8751 -3.2869 0.8246 ]
1 [1.0000 1.8337 -3.4387 0.7228 ]

9 [1.0000 2.3465 -4.6874 1.1675 ]
8 [1.0000 2.3980 -4.8076 1.1946 ]
7 [1.0000 2.3026 -4.6138 1.1926 ]
6 [1.0000 2.4718 -4.9212 1.3911 ]
5 [1.0000 2.3787 -4.6087 1.2693 ]
4 [1.0000 2.4565 -4.7099 1.3682 ]
3 [1.0000 2.3468 -4.6041 1.1778 ]
2 [1.0000 2.4859 -4.6594 1.1905 ]
1 [1.0000 2.3944 -4.0245 1.1573 ]

9 [1.0000 1.6341 -3.4950 0.9911 ]
8 [1.0000 1.5858 -3.4348 1.0106 ]
7 [1.0000 1.5523 -3.3902 1.0072 ]
6 [1.0000 1.6092 -3.5078 1.0335 ]
5 [1.0000 1.6148 -3.6584 0.8659 ]
4 [1.0000 1.4961 -3.2785 0.7491 ]
3 [1.0000 1.6712 -3.5843 0.8586 ]
2 [1.0000 1.5804 -3.2244 0.7477 ]
1 [1.0000 1.8235 -3.7336 0.9241 ]

9 [1.0000 2.2194 -4.2334 1.0702 ]
8 [1.0000 2.2620 -4.2761 1.0892 ]
7 [1.0000 1.8870 -3.4652 1.0318 ]
6 [1.0000 1.8768 -3.4007 1.1319 ]
5 [1.0000 1.8886 -3.3317 1.1303 ]
4 [1.0000 1.8268 -3.2123 1.1146 ]
3 [1.0000 1.8201 -3.1470 1.1084 ]
2 [1.0000 1.6074 -3.0194 0.9483 ]
1 [1.0000 2.6452 -5.5212 1.3984 ]

9 [1.0000 1.6305 -3.4097 0.9822 ]
8 [1.0000 1.5982 -3.3552 0.9937 ]
7 [1.0000 1.7011 -3.5477 1.0995 ]
6 [1.0000 1.7329 -3.5701 1.2795 ]
5 [1.0000 1.6511 -3.4463 1.1442 ]
4 [1.0000 1.5635 -3.3356 0.9112 ]
3 [1.0000 1.4234 -3.1212 0.7283 ]
2 [1.0000 1.7101 -3.5279 0.5930 ]
1 [1.0000 1.7718 -3.1100 0.3190 ]

9 [1.0000 1.8143 -3.6988 0.9360 ]
8 [1.0000 1.7885 -3.6273 0.9788 ]
7 [1.0000 1.7914 -3.5787 0.8946 ]
6 [1.0000 2.0394 -3.9815 1.0314 ]
5 [1.0000 1.9152 -3.8253 0.9185 ]
4 [1.0000 1.9910 -3.8596 0.9698 ]
3 [1.0000 1.9984 -3.7061 1.0039 ]
2 [1.0000 2.1396 -3.9331 1.0784 ]
1 [1.0000 2.4698 -4.5283 1.2653 ]

9 [1.0000 2.2891 -4.9749 1.3691 ]
8 [1.0000 2.3978 -5.2786 1.4882 ]
7 [1.0000 2.4799 -5.5325 1.5734 ]
6 [1.0000 2.6810 -6.0005 1.7559 ]
5 [1.0000 2.9161 -6.6041 2.2757 ]
4 [1.0000 2.5839 -6.0196 2.1970 ]
3 [1.0000 2.3052 -5.0722 1.4778 ]
2 [1.0000 1.9658 -4.1479 1.1107 ]
1 [1.0000 1.8111 -3.9563 1.0292 ]

9 [1.0000 1.9286 -4.0427 1.0462 ]
8 [1.0000 1.8789 -3.9193 0.9878 ]
7 [1.0000 1.6833 -3.5054 0.8839 ]
6 [1.0000 1.5166 -3.1733 0.8369 ]
5 [1.0000 1.5033 -3.0127 0.8518 ]
4 [1.0000 1.6238 -3.2570 0.9652 ]
3 [1.0000 1.5828 -3.1387 0.9111 ]
2 [1.0000 1.5904 -3.1882 1.0335 ]
1 [1.0000 1.3482 -2.8017 1.0621 ]

9 [1.0000 2.3052 -4.5364 1.4204 ]
8 [1.0000 2.3644 -4.6441 1.5136 ]
7 [1.0000 2.4760 -4.8966 1.5846 ]
6 [1.0000 2.5186 -4.9967 1.6585 ]
5 [1.0000 2.6544 -5.4636 1.7625 ]
4 [1.0000 2.9473 -6.2740 2.0266 ]
3 [1.0000 2.8299 -6.2857 1.8718 ]
2 [1.0000 2.8723 -6.3393 1.9047 ]
1 [1.0000 2.3790 -5.2573 1.7673 ]

9 [1.0000 1.6136 -3.1879 0.8784 ]
8 [1.0000 1.6311 -3.2425 0.8774 ]
7 [1.0000 1.6189 -3.2646 0.8547 ]
6 [1.0000 1.9549 -3.7644 0.8665 ]
5 [1.0000 2.0750 -3.8416 0.9483 ]
4 [1.0000 2.4354 -4.5743 1.0960 ]
3 [1.0000 2.5718 -4.8104 1.2875 ]
2 [1.0000 2.4589 -4.4820 1.1964 ]
1 [1.0000 2.4963 -4.6435 1.2035 ]

9 [1.0000 2.5201 -4.7683 1.2863 ]
8 [1.0000 2.7932 -5.1407 1.4806 ]
7 [1.0000 2.8964 -5.3977 1.5695 ]
6 [1.0000 3.3694 -6.3983 1.8702 ]
5 [1.0000 4.0487 -7.4060 2.1798 ]
4 [1.0000 3.6543 -6.8936 2.0358 ]
3 [1.0000 3.1324 -5.7078 1.7208 ]
2 [1.0000 3.4766 -6.0265 1.7807 ]
1 [1.0000 4.1001 -6.4573 1.8900 ]

9 [1.0000 2.2297 -4.5322 0.9782 ]
8 [1.0000 2.3624 -4.7655 1.0411 ]
7 [1.0000 2.3264 -4.7482 1.1510 ]
6 [1.0000 2.3931 -4.9065 1.2372 ]
5 [1.0000 2.2990 -4.8296 1.1709 ]
4 [1.0000 2.4348 -5.0758 1.2627 ]
3 [1.0000 2.3719 -4.9082 1.2549 ]
2 [1.0000 2.1898 -4.4013 1.1439 ]
1 [1.0000 2.3222 -4.6121 1.2650 ]

9 [1.0000 1.7889 -3.5338 0.7821 ]
8 [1.0000 1.7861 -3.5242 0.7495 ]
7 [1.0000 1.7507 -3.4333 0.7375 ]
6 [1.0000 1.6989 -3.3084 0.7550 ]
5 [1.0000 1.6679 -3.2051 0.7312 ]
4 [1.0000 1.5799 -2.9108 0.7734 ]
3 [1.0000 1.6676 -3.1803 0.9471 ]
2 [1.0000 1.5939 -3.1841 0.8903 ]
1 [1.0000 1.3667 -2.7246 0.5798 ]

9 [1.0000 1.6400 -3.4411 0.4808 ]
8 [1.0000 1.6276 -3.4400 0.4429 ]
7 [1.0000 1.5616 -3.3423 0.3893 ]
6 [1.0000 1.5566 -3.3768 0.4843 ]
5 [1.0000 1.6545 -3.5996 0.4924 ]
4 [1.0000 1.7497 -3.7408 0.5386 ]
3 [1.0000 1.8993 -4.1440 0.6813 ]
2 [1.0000 2.3783 -5.5083 1.0437 ]
1 [1.0000 2.3842 -5.8835 0.8270 ]

9 [1.0000 1.9513 -4.1528 1.2949 ]
8 [1.0000 1.9489 -4.1855 1.3337 ]
7 [1.0000 1.9235 -4.1729 1.3555 ]
6 [1.0000 1.9302 -4.2818 1.4671 ]
5 [1.0000 1.8078 -4.1389 1.2696 ]
4 [1.0000 1.6885 -3.9851 1.2484 ]
3 [1.0000 2.0001 -4.6569 1.3163 ]
2 [1.0000 2.2295 -4.8641 1.2176 ]
1 [1.0000 2.6983 -5.3964 1.6390 ]

9 [1.0000 1.8259 -3.4134 0.5607 ]
8 [1.0000 1.5302 -3.1346 0.4638 ]
7 [1.0000 1.5730 -3.2695 0.5502 ]
6 [1.0000 1.5732 -3.3515 0.5595 ]
5 [1.0000 1.5463 -3.3430 0.5384 ]
4 [1.0000 1.6713 -3.8138 0.6745 ]
3 [1.0000 1.8021 -4.1632 0.9185 ]
2 [1.0000 1.6548 -3.8976 0.8923 ]
1 [1.0000 2.1384 -4.7198 0.7903 ]

9 [1.0000 2.1611 -3.9885 1.0858 ]
8 [1.0000 2.1728 -3.9756 1.1079 ]
7 [1.0000 2.1929 -3.9683 1.1365 ]
6 [1.0000 1.9688 -3.4834 1.0460 ]
5 [1.0000 1.9268 -3.4808 1.0749 ]
4 [1.0000 1.9328 -3.4278 1.0743 ]
3 [1.0000 1.8840 -3.2724 1.0692 ]
2 [1.0000 1.7543 -3.1524 0.9391 ]
1 [1.0000 1.4741 -2.9693 0.8304 ]

9 [1.0000 1.9202 -3.9554 1.0163 ]
8 [1.0000 1.8871 -3.8233 0.9820 ]
7 [1.0000 1.8360 -3.7347 0.9780 ]
6 [1.0000 1.8640 -3.7916 0.9915 ]
5 [1.0000 1.7634 -3.5979 1.0256 ]
4 [1.0000 1.8259 -3.6087 0.9928 ]
3 [1.0000 1.6631 -3.4894 0.8816 ]
2 [1.0000 1.9687 -3.7423 1.0632 ]
1 [1.0000 2.1574 -4.5726 1.0935 ]

9 [1.0000 2.0159 -4.0718 0.9391 ]
8 [1.0000 2.0172 -4.0757 0.9342 ]
7 [1.0000 1.9493 -3.9298 0.9111 ]
6 [1.0000 2.0762 -4.2912 0.9016 ]
5 [1.0000 2.2223 -4.7735 0.9862 ]
4 [1.0000 2.3723 -5.2963 1.0742 ]
3 [1.0000 2.6463 -5.7331 1.2822 ]
2 [1.0000 2.6364 -5.8551 1.2909 ]
1 [1.0000 2.4424 -5.8602 1.0770 ]

9 [1.0000 1.8497 -3.8447 0.7492 ]
8 [1.0000 1.8153 -3.7865 0.7039 ]
7 [1.0000 1.7923 -3.7531 0.6710 ]
6 [1.0000 1.7651 -3.7258 0.6025 ]
5 [1.0000 1.9562 -4.2137 0.6157 ]
4 [1.0000 1.8541 -4.1311 0.7074 ]
3 [1.0000 1.8027 -4.3163 0.8714 ]
2 [1.0000 1.3773 -3.5701 0.7796 ]
1 [1.0000 1.1936 -3.1559 0.6782 ]

9 [1.0000 1.7101 -3.4502 0.7143 ]
8 [1.0000 1.7033 -3.4326 0.7609 ]
7 [1.0000 1.8523 -3.7474 0.9975 ]
6 [1.0000 1.7310 -3.4478 0.9169 ]
5 [1.0000 1.9260 -3.9409 1.0762 ]
4 [1.0000 2.1854 -4.5945 1.2187 ]
3 [1.0000 2.5195 -5.0767 1.3480 ]
2 [1.0000 3.5725 -7.0022 1.6365 ]
1 [1.0000 4.3557 -8.0911 1.7824 ]

9 [1.0000 2.0159 -4.0297 0.8607 ]
8 [1.0000 2.0108 -4.0116 0.8281 ]
7 [1.0000 2.0231 -4.0284 0.7878 ]
6 [1.0000 2.0641 -4.0515 0.7478 ]
5 [1.0000 2.0887 -4.0535 0.6840 ]
4 [1.0000 2.2423 -4.3519 0.8323 ]
3 [1.0000 1.8246 -3.5726 0.7354 ]
2 [1.0000 1.6719 -3.4039 0.5797 ]
1 [1.0000 1.6578 -3.3479 0.5466 ]

9 [1.0000 1.8250 -3.7737 1.0374 ]
8 [1.0000 1.8165 -3.7667 1.0557 ]
7 [1.0000 1.7291 -3.5626 1.0349 ]
6 [1.0000 1.6829 -3.4523 1.0091 ]
5 [1.0000 1.5820 -3.2965 0.9987 ]
4 [1.0000 1.7300 -3.5667 0.9592 ]
3 [1.0000 1.6744 -3.3487 0.8840 ]
2 [1.0000 1.5184 -3.2400 0.7298 ]
1 [1.0000 1.4346 -3.1815 0.6499 ]

9 [1.0000 2.2915 -4.5962 1.7011 ]
8 [1.0000 2.3167 -4.6733 1.7934 ]
7 [1.0000 2.4822 -4.8745 1.8975 ]
6 [1.0000 2.2272 -4.5156 1.4866 ]
5 [1.0000 2.1778 -4.4329 1.3479 ]
4 [1.0000 2.2778 -4.5752 1.4488 ]
3 [1.0000 2.0204 -3.9837 1.2807 ]
2 [1.0000 2.1430 -4.1826 1.2194 ]
1 [1.0000 2.0697 -3.5829 1.0851 ]

9 [1.0000 2.1010 -4.1812 1.2189 ]
8 [1.0000 2.1444 -4.2657 1.2513 ]
7 [1.0000 2.2144 -4.3937 1.3118 ]
6 [1.0000 2.1816 -4.3598 1.2992 ]
5 [1.0000 2.2369 -4.3615 1.3548 ]
4 [1.0000 2.2572 -4.5793 1.4066 ]
3 [1.0000 2.1185 -4.4749 1.2217 ]
2 [1.0000 2.1448 -4.5688 1.0777 ]
1 [1.0000 2.9771 -6.0522 1.6683 ]

9 [1.0000 1.5980 -3.1295 0.3982 ]
8 [1.0000 1.5677 -3.0465 0.3387 ]
7 [1.0000 1.5237 -2.9381 0.2980 ]
6 [1.0000 1.6423 -3.1300 0.2541 ]
5 [1.0000 1.7044 -3.3242 0.1760 ]
4 [1.0000 1.6557 -3.3131 0.1753 ]
3 [1.0000 1.3769 -2.9538 -0.0262 ]
2 [1.0000 2.4627 -4.5990 0.7193 ]
1 [1.0000 2.8734 -5.7261 0.7950 ]

9 [1.0000 2.2630 -4.3428 1.0508 ]
8 [1.0000 2.2964 -4.3831 1.0737 ]
7 [1.0000 2.3458 -4.4339 1.1185 ]
6 [1.0000 2.4262 -4.5690 1.1757 ]
5 [1.0000 2.0481 -3.8596 0.8181 ]
4 [1.0000 2.0150 -3.7699 0.7485 ]
3 [1.0000 1.8930 -3.3767 0.5954 ]
2 [1.0000 2.1452 -3.9812 0.7573 ]
1 [1.0000 2.5223 -4.6787 1.0242 ]

9 [1.0000 2.0852 -4.0453 1.3029 ]
8 [1.0000 2.1016 -4.0528 1.3451 ]
7 [1.0000 2.1484 -4.0550 1.3562 ]
6 [1.0000 2.2252 -4.1189 1.3878 ]
5 [1.0000 2.4156 -4.2768 1.4701 ]
4 [1.0000 2.4748 -4.1240 1.2749 ]
3 [1.0000 2.5379 -4.3325 1.2555 ]
2 [1.0000 2.7424 -4.6532 1.3160 ]
1 [1.0000 3.5973 -5.4354 1.1787 ]

9 [1.0000 2.2835 -4.5508 0.8611 ]
8 [1.0000 2.3720 -4.7053 0.8736 ]
7 [1.0000 2.2558 -4.4440 0.8228 ]
6 [1.0000 2.7534 -5.4608 1.0422 ]
5 [1.0000 2.5031 -4.9387 0.7861 ]
4 [1.0000 2.3699 -4.8481 0.6147 ]
3 [1.0000 2.0150 -4.1063 0.4474 ]
2 [1.0000 1.8981 -3.4071 0.4523 ]
1 [1.0000 1.6045 -3.1208 0.3674 ]

9 [1.0000 2.1390 -4.7941 1.2607 ]
8 [1.0000 2.1405 -4.7947 1.2437 ]
7 [1.0000 2.0626 -4.6613 1.2827 ]
6 [1.0000 1.9639 -4.5748 1.2211 ]
5 [1.0000 1.7919 -4.0938 1.1967 ]
4 [1.0000 1.5928 -3.6442 0.9621 ]
3 [1.0000 1.5698 -3.3578 1.0398 ]
2 [1.0000 1.5532 -3.2674 0.9909 ]
1 [1.0000 1.9026 -4.0580 1.2918 ]

9 [1.0000 1.9664 -3.9916 0.9146 ]
8 [1.0000 1.9822 -4.0278 0.9260 ]
7 [1.0000 2.0210 -4.1259 0.9338 ]
6 [1.0000 1.9832 -4.0634 0.8950 ]
5 [1.0000 1.9636 -4.1829 0.9273 ]
4 [1.0000 2.0501 -4.3358 0.8987 ]
3 [1.0000 2.1802 -4.5946 1.0954 ]
2 [1.0000 1.8798 -4.0540 1.0720 ]
1 [1.0000 2.0087 -4.1033 1.2279 ]

9 [1.0000 1.7135 -3.6427 0.8960 ]
8 [1.0000 1.6987 -3.6444 0.8854 ]
7 [1.0000 1.6812 -3.6689 0.8378 ]
6 [1.0000 1.8140 -3.8155 0.9824 ]
5 [1.0000 1.9438 -3.9917 1.1388 ]
4 [1.0000 1.8216 -3.9171 1.1687 ]
3 [1.0000 1.6923 -3.7869 0.9506 ]
2 [1.0000 1.7662 -3.7790 0.9930 ]
1 [1.0000 2.1255 -3.8016 1.0666 ]

9 [1.0000 1.7474 -3.7963 0.9125 ]
8 [1.0000 1.7192 -3.7721 0.8798 ]
7 [1.0000 1.6704 -3.7037 0.8478 ]
6 [1.0000 1.5698 -3.4942 0.8109 ]
5 [1.0000 1.5456 -3.4829 0.8479 ]
4 [1.0000 1.4912 -3.4684 0.8917 ]
3 [1.0000 1.5359 -3.6796 0.9775 ]
2 [1.0000 1.5150 -3.2343 0.8251 ]
1 [1.0000 1.3560 -2.9170 0.8269 ]

9 [1.0000 2.5333 -4.9610 1.3243 ]
8 [1.0000 2.6376 -5.1594 1.4069 ]
7 [1.0000 2.8235 -5.5101 1.5972 ]
6 [1.0000 2.5546 -4.9336 1.3839 ]
5 [1.0000 2.6005 -5.0927 1.5007 ]
4 [1.0000 2.4697 -4.8376 1.5952 ]
3 [1.0000 2.6107 -4.9588 1.7347 ]
2 [1.0000 2.1181 -3.8942 1.4485 ]
1 [1.0000 1.6816 -3.3721 1.4167 ]

9 [1.0000 1.9148 -3.6743 0.9042 ]
8 [1.0000 1.9142 -3.6496 0.8927 ]
7 [1.0000 1.9130 -3.6168 0.8774 ]
6 [1.0000 1.8757 -3.5556 0.7873 ]
5 [1.0000 1.7869 -3.4379 0.7394 ]
4 [1.0000 2.0206 -3.9091 0.7321 ]
3 [1.0000 1.9393 -3.8606 0.5935 ]
2 [1.0000 2.0229 -3.8720 0.5781 ]
1 [1.0000 1.9810 -3.8199 0.6297 ]

9 [1.0000 1.6485 -3.2337 0.8092 ]
8 [1.0000 1.6597 -3.1720 0.7730 ]
7 [1.0000 1.6587 -3.2305 0.8022 ]
6 [1.0000 1.6449 -3.2541 0.7992 ]
5 [1.0000 1.6505 -3.4308 0.7387 ]
4 [1.0000 1.3943 -2.9291 0.6971 ]
3 [1.0000 1.3524 -2.7195 0.7520 ]
2 [1.0000 1.4387 -2.9763 0.7106 ]
1 [1.0000 1.8393 -3.6584 0.9667 ]

9 [1.0000 2.5024 -5.1650 1.0557 ]
8 [1.0000 2.0900 -4.1584 1.1157 ]
7 [1.0000 1.8951 -3.7831 0.8358 ]
6 [1.0000 1.8621 -3.7573 0.7829 ]
5 [1.0000 1.7320 -3.5260 0.7753 ]
4 [1.0000 2.0779 -4.1056 0.8570 ]
3 [1.0000 1.9802 -3.8701 0.7870 ]
2 [1.0000 1.7595 -3.6127 0.6519 ]
1 [1.0000 1.5654 -3.4970 0.5880 ]

9 [1.0000 2.5427 -5.0589 1.0198 ]
8 [1.0000 2.2115 -4.5241 0.9118 ]
7 [1.0000 2.3076 -4.6475 1.0316 ]
6 [1.0000 2.3964 -4.7603 1.1226 ]
5 [1.0000 2.4937 -4.8606 1.1557 ]
4 [1.0000 2.7237 -5.3860 1.4447 ]
3 [1.0000 2.7292 -5.2531 1.5280 ]
2 [1.0000 2.6218 -5.1122 1.5975 ]
1 [1.0000 2.2235 -4.2923 1.3272 ]

9 [1.0000 1.9343 -3.9964 0.9584 ]
8 [1.0000 1.9270 -3.9977 0.9496 ]
7 [1.0000 1.9124 -4.0065 0.9373 ]
6 [1.0000 2.0023 -4.1481 0.9996 ]
5 [1.0000 2.1373 -4.5190 1.1007 ]
4 [1.0000 1.9613 -3.9917 0.8802 ]
3 [1.0000 2.2035 -4.3807 1.0137 ]
2 [1.0000 2.2019 -4.6335 1.1026 ]
1 [1.0000 1.9724 -4.0602 0.8237 ]

9 [1.0000 2.0921 -4.2495 0.8398 ]
8 [1.0000 2.1257 -4.3106 0.8032 ]
7 [1.0000 2.1474 -4.3977 0.7611 ]
6 [1.0000 1.9218 -4.0291 0.9053 ]
5 [1.0000 1.6124 -3.6025 0.9404 ]
4 [1.0000 1.5311 -3.3305 0.8365 ]
3 [1.0000 1.3639 -2.9032 0.8093 ]
2 [1.0000 1.6012 -3.3056 0.8661 ]
1 [1.0000 1.8522 -3.4074 0.8038 ]

9 [1.0000 1.5739 -3.3915 0.9652 ]
8 [1.0000 1.5473 -3.3694 0.9590 ]
7 [1.0000 2.0062 -4.0303 1.1791 ]
6 [1.0000 1.9232 -3.9035 1.0360 ]
5 [1.0000 1.8577 -3.8277 1.1160 ]
4 [1.0000 1.9364 -3.9151 1.2551 ]
3 [1.0000 1.8811 -3.8208 1.3123 ]
2 [1.0000 1.7920 -3.5131 1.3991 ]
1 [1.0000 1.6868 -3.0606 1.5098 ]

9 [1.0000 2.0687 -4.0648 0.8803 ]
8 [1.0000 2.1487 -4.1973 0.8969 ]
7 [1.0000 2.1739 -4.1811 0.8634 ]
6 [1.0000 2.1013 -3.9957 0.8976 ]
5 [1.0000 2.4126 -4.5685 1.0352 ]
4 [1.0000 2.4552 -4.5884 1.1013 ]
3 [1.0000 2.6321 -5.0889 1.1428 ]
2 [1.0000 2.7642 -5.4751 1.3411 ]
1 [1.0000 3.0504 -5.7620 1.4212 ]

9 [1.0000 2.0535 -4.2274 1.1764 ]
8 [1.0000 1.9875 -4.1195 1.1711 ]
7 [1.0000 1.9561 -4.0697 1.1575 ]
6 [1.0000 1.9206 -3.8851 1.0312 ]
5 [1.0000 1.8480 -3.8073 0.9730 ]
4 [1.0000 2.0250 -4.2671 1.1024 ]
3 [1.0000 1.9176 -4.0040 1.1221 ]
2 [1.0000 1.9019 -3.6647 0.9407 ]
1 [1.0000 2.0975 -3.8203 0.9295 ]

9 [1.0000 2.0521 -4.2446 1.0723 ]
8 [1.0000 2.1220 -4.4068 1.1217 ]
7 [1.0000 2.2282 -4.6942 1.1997 ]
6 [1.0000 2.1707 -4.7038 1.1291 ]
5 [1.0000 2.2680 -4.9631 1.2933 ]
4 [1.0000 2.1260 -4.6376 1.1371 ]
3 [1.0000 2.1833 -4.8668 1.1722 ]
2 [1.0000 2.0462 -4.2408 1.1185 ]
1 [1.0000 2.4378 -4.9755 1.4591 ]

9 [1.0000 2.1046 -4.3330 1.0437 ]
8 [1.0000 2.1115 -4.3565 1.0410 ]
7 [1.0000 2.1923 -4.5335 1.0867 ]
6 [1.0000 2.2441 -4.6798 1.1670 ]
5 [1.0000 2.0669 -4.4096 1.0956 ]
4 [1.0000 2.0973 -4.5576 1.0586 ]
3 [1.0000 2.3775 -4.7829 1.0926 ]
2 [1.0000 2.1412 -4.2257 0.9254 ]
1 [1.0000 1.9326 -3.3442 0.5918 ]

9 [1.0000 1.8311 -3.6345 0.8750 ]
8 [1.0000 1.7936 -3.5648 0.8505 ]
7 [1.0000 1.7587 -3.5110 0.8629 ]
6 [1.0000 1.7694 -3.5174 0.8734 ]
5 [1.0000 1.8495 -3.6258 0.8980 ]
4 [1.0000 1.8531 -3.6043 0.9140 ]
3 [1.0000 2.1577 -3.8704 1.0038 ]
2 [1.0000 2.2458 -3.8489 1.0754 ]
1 [1.0000 1.9276 -3.1086 0.8991 ]

9 [1.0000 2.3743 -4.6143 1.1108 ]
8 [1.0000 2.3967 -4.6513 1.1053 ]
7 [1.0000 2.4070 -4.6785 1.0932 ]
6 [1.0000 2.3687 -4.4848 1.0266 ]
5 [1.0000 2.1811 -4.2417 0.8474 ]
4 [1.0000 2.4850 -4.9748 0.9611 ]
3 [1.0000 2.5689 -5.2254 0.9604 ]
2 [1.0000 2.7409 -5.8133 1.1999 ]
1 [1.0000 2.0891 -4.8133 0.8630 ]

9 [1.0000 1.1637 -2.4206 1.1087 ]
8 [1.0000 1.3762 -2.8343 0.8666 ]
7 [1.0000 1.3210 -2.7283 0.7352 ]
6 [1.0000 1.3105 -2.7051 0.7634 ]
5 [1.0000 1.3049 -2.7247 0.7193 ]
4 [1.0000 1.3909 -2.8385 0.7793 ]
3 [1.0000 1.5841 -3.2170 0.9533 ]
2 [1.0000 2.4428 -4.1449 1.4253 ]
1 [1.0000 1.6092 -3.1259 1.0766 ]

9 [1.0000 2.2186 -4.6600 1.0066 ]
8 [1.0000 1.6463 -3.5513 0.7025 ]
7 [1.0000 1.8435 -3.8999 0.7843 ]
6 [1.0000 1.8412 -3.8269 0.7994 ]
5 [1.0000 1.8719 -3.9752 0.8512 ]
4 [1.0000 1.6805 -3.7272 0.8236 ]
3 [1.0000 1.5727 -3.7611 0.8354 ]
2 [1.0000 1.5238 -3.9067 0.9502 ]
1 [1.0000 1.3816 -3.7743 1.2325 ]

9 [1.0000 1.8223 -3.6814 0.8460 ]
8 [1.0000 1.7470 -3.5487 0.7717 ]
7 [1.0000 1.7178 -3.4487 0.8137 ]
6 [1.0000 1.9301 -3.7925 0.9008 ]
5 [1.0000 1.9901 -3.8720 0.9400 ]
4 [1.0000 2.1313 -4.0473 0.9874 ]
3 [1.0000 2.5122 -4.5179 0.8693 ]
2 [1.0000 3.0464 -5.1472 1.0094 ]
1 [1.0000 2.2264 -3.6531 0.9365 ]

9 [1.0000 2.1305 -4.2077 0.8836 ]
8 [1.0000 2.1310 -4.2253 0.9043 ]
7 [1.0000 2.1446 -4.2566 0.9170 ]
6 [1.0000 2.0996 -4.1849 0.8873 ]
5 [1.0000 2.1370 -4.3798 0.9405 ]
4 [1.0000 2.0450 -4.2417 0.7429 ]
3 [1.0000 1.8855 -3.7661 0.6589 ]
2 [1.0000 1.8824 -3.5018 0.6420 ]
1 [1.0000 1.9228 -3.7045 0.7827 ]

9 [1.0000 1.9151 -3.6815 0.9447 ]
8 [1.0000 1.8802 -3.6029 0.9088 ]
7 [1.0000 1.9377 -3.6946 0.9251 ]
6 [1.0000 2.0737 -3.9540 0.9717 ]
5 [1.0000 1.8417 -3.5271 0.8753 ]
4 [1.0000 2.0265 -3.9930 1.1106 ]
3 [1.0000 2.0538 -3.9347 1.1104 ]
2 [1.0000 2.2346 -4.1300 1.0295 ]
1 [1.0000 2.0393 -3.6479 0.9408 ]

9 [1.0000 2.3306 -4.2416 0.9294 ]
8 [1.0000 2.4155 -4.3419 0.9479 ]
7 [1.0000 2.4966 -4.4213 0.9539 ]
6 [1.0000 2.5171 -4.4520 0.9112 ]
5 [1.0000 3.0681 -5.4619 1.2387 ]
4 [1.0000 3.1811 -5.9476 1.4905 ]
3 [1.0000 3.2555 -6.0903 1.4964 ]
2 [1.0000 3.3970 -6.0718 1.2352 ]
1 [1.0000 2.8951 -5.1044 1.2681 ]

9 [1.0000 1.6824 -3.2105 0.8772 ]
8 [1.0000 1.6590 -3.1130 0.8447 ]
7 [1.0000 1.6880 -3.1895 0.9044 ]
6 [1.0000 1.7215 -3.1449 0.7749 ]
5 [1.0000 1.7391 -3.1369 0.6843 ]
4 [1.0000 1.9172 -3.4293 0.8450 ]
3 [1.0000 2.0774 -3.7248 0.9344 ]
2 [1.0000 2.4332 -4.2692 1.2071 ]
1 [1.0000 4.0725 -6.5321 2.1391 ]

9 [1.0000 2.2104 -4.2589 1.1411 ]
8 [1.0000 2.2678 -4.3429 1.1861 ]
7 [1.0000 2.2529 -4.2819 1.1126 ]
6 [1.0000 1.9440 -3.7678 0.8703 ]
5 [1.0000 1.8794 -3.6663 0.8086 ]
4 [1.0000 1.8520 -3.6569 0.8185 ]
3 [1.0000 1.7377 -3.4629 0.8575 ]
2 [1.0000 1.7743 -3.7151 1.0341 ]
1 [1.0000 1.7657 -4.1504 1.3106 ]

9 [1.0000 2.2576 -4.0161 1.1062 ]
8 [1.0000 2.2878 -4.0149 1.1391 ]
7 [1.0000 2.3026 -4.0014 1.3134 ]
6 [1.0000 2.2171 -3.8053 1.3114 ]
5 [1.0000 2.4234 -4.1293 1.4756 ]
4 [1.0000 2.6652 -4.5385 1.6064 ]
3 [1.0000 2.8744 -5.0208 1.6937 ]
2 [1.0000 2.3454 -3.9596 1.2095 ]
1 [1.0000 2.6028 -4.0025 1.1248 ]

9 [1.0000 1.4153 -2.8209 0.5607 ]
8 [1.0000 1.3652 -2.7537 0.5188 ]
7 [1.0000 1.3351 -2.6890 0.5441 ]
6 [1.0000 1.4646 -2.9340 0.6820 ]
5 [1.0000 1.3986 -2.9098 0.6295 ]
4 [1.0000 1.4669 -3.0777 0.6107 ]
3 [1.0000 1.5832 -3.3676 0.5690 ]
2 [1.0000 1.8781 -3.8250 0.6193 ]
1 [1.0000 2.0952 -4.0881 0.5750 ]

9 [1.0000 2.2476 -3.7744 1.4505 ]
8 [1.0000 2.2133 -3.7098 1.4438 ]
7 [1.0000 2.0378 -3.4274 1.3426 ]
6 [1.0000 1.9534 -3.5239 1.3144 ]
5 [1.0000 1.9606 -3.4810 1.1985 ]
4 [1.0000 1.9965 -3.5451 1.1070 ]
3 [1.0000 1.7835 -3.1650 0.9163 ]
2 [1.0000 1.8425 -3.0738 0.8001 ]
1 [1.0000 1.5978 -2.5422 0.8088 ]

9 [1.0000 2.4025 -4.6634 1.2138 ]
8 [1.0000 2.4940 -4.8521 1.2267 ]
7 [1.0000 2.4377 -4.9396 1.1336 ]
6 [1.0000 2.2512 -4.6392 1.0749 ]
5 [1.0000 2.2192 -4.5632 1.0460 ]
4 [1.0000 1.9780 -4.2359 0.9228 ]
3 [1.0000 2.1396 -4.5951 0.8942 ]
2 [1.0000 2.5313 -5.4024 1.1421 ]
1 [1.0000 2.2364 -5.0564 1.2340 ]

9 [1.0000 2.4958 -5.1771 1.0310 ]
8 [1.0000 2.6315 -5.4479 1.0384 ]
7 [1.0000 2.7366 -5.6878 1.0226 ]
6 [1.0000 2.6767 -5.6243 1.0033 ]
5 [1.0000 2.6963 -5.6138 1.0835 ]
4 [1.0000 3.0211 -6.0264 0.9897 ]
3 [1.0000 3.8544 -7.6962 0.8777 ]
2 [1.0000 3.9736 -7.2839 1.1730 ]
1 [1.0000 3.1637 -4.8967 1.0415 ]

9 [1.0000 1.8689 -3.8093 1.2969 ]
8 [1.0000 1.9106 -3.9616 1.1260 ]
7 [1.0000 1.7983 -3.6857 1.1593 ]
6 [1.0000 1.7544 -3.4519 1.1848 ]
5 [1.0000 1.6746 -3.3542 0.9456 ]
4 [1.0000 1.7019 -3.5524 0.9365 ]
3 [1.0000 2.7002 -5.6071 1.5283 ]
2 [1.0000 2.1698 -4.5503 1.1123 ]
1 [1.0000 1.8805 -4.5988 1.1274 ]

9 [1.0000 1.7835 -3.6865 1.1341 ]
8 [1.0000 1.7547 -3.6426 1.1535 ]
7 [1.0000 1.7471 -3.6222 1.1903 ]
6 [1.0000 1.6492 -3.3896 1.0759 ]
5 [1.0000 1.6696 -3.4250 1.0512 ]
4 [1.0000 1.5890 -3.3896 1.1168 ]
3 [1.0000 1.7121 -3.7291 1.2114 ]
2 [1.0000 1.9703 -4.2986 1.3470 ]
1 [1.0000 2.0139 -4.4615 1.2510 ]

9 [1.0000 1.9323 -4.0890 1.0096 ]
8 [1.0000 2.3035 -4.8322 1.1861 ]
7 [1.0000 2.2887 -4.8263 1.1933 ]
6 [1.0000 2.2394 -4.7641 1.2152 ]
5 [1.0000 2.0698 -4.3683 1.0925 ]
4 [1.0000 1.7745 -3.6037 0.9049 ]
3 [1.0000 1.7863 -3.6223 0.9025 ]
2 [1.0000 2.0597 -4.1351 1.0796 ]
1 [1.0000 1.9665 -4.1362 1.1269 ]

9 [1.0000 2.3223 -4.4876 1.1989 ]
8 [1.0000 2.3880 -4.6062 1.2535 ]
7 [1.0000 2.4417 -4.7083 1.2742 ]
6 [1.0000 2.3523 -4.5289 1.3084 ]
5 [1.0000 1.8289 -3.5150 1.0163 ]
4 [1.0000 1.7835 -3.4548 0.9408 ]
3 [1.0000 1.8527 -3.3976 0.9393 ]
2 [1.0000 2.0688 -3.6010 0.7952 ]
1 [1.0000 2.3442 -3.9730 0.9508 ]

9 [1.0000 2.9081 -5.6088 1.4293 ]
8 [1.0000 3.0793 -5.9063 1.5069 ]
7 [1.0000 3.3366 -6.3520 1.6419 ]
6 [1.0000 3.8100 -7.1927 1.8815 ]
5 [1.0000 4.7455 -8.8047 2.3533 ]
4 [1.0000 3.7668 -7.4557 2.0510 ]
3 [1.0000 3.0271 -6.1597 1.4087 ]
2 [1.0000 2.1742 -4.6021 0.8688 ]
1 [1.0000 1.7514 -3.8259 0.6250 ]

9 [1.0000 1.9911 -3.8974 0.9769 ]
8 [1.0000 1.9470 -3.8046 0.9565 ]
7 [1.0000 1.9046 -3.7219 0.9377 ]
6 [1.0000 1.8673 -3.6269 0.9172 ]
5 [1.0000 1.8699 -3.7176 0.9275 ]
4 [1.0000 1.9680 -3.9410 0.9852 ]
3 [1.0000 1.7775 -3.5469 0.9755 ]
2 [1.0000 1.8545 -3.6038 0.9851 ]
1 [1.0000 1.4331 -3.0363 0.7542 ]

9 [1.0000 2.1875 -4.3934 1.0339 ]
8 [1.0000 2.2247 -4.4584 1.0492 ]
7 [1.0000 2.2964 -4.6812 1.0956 ]
6 [1.0000 2.0151 -4.0416 0.8724 ]
5 [1.0000 1.9815 -3.9704 0.9911 ]
4 [1.0000 1.8731 -3.7520 0.8428 ]
3 [1.0000 2.1209 -4.3443 0.9958 ]
2 [1.0000 2.1168 -4.6243 1.1049 ]
1 [1.0000 1.9697 -4.3882 0.9661 ]

9 [1.0000 1.9092 -3.7003 0.7374 ]
8 [1.0000 1.8987 -3.6708 0.7078 ]
7 [1.0000 1.8815 -3.6246 0.6701 ]
6 [1.0000 1.7879 -3.4337 0.6497 ]
5 [1.0000 1.5881 -3.0740 0.5905 ]
4 [1.0000 1.5364 -2.9997 0.6335 ]
3 [1.0000 1.6452 -3.1053 0.7295 ]
2 [1.0000 1.6735 -3.2445 0.7816 ]
1 [1.0000 1.8439 -3.6213 1.0891 ]

9 [1.0000 2.0108 -4.0944 1.2081 ]
8 [1.0000 1.9607 -3.9088 1.1402 ]
7 [1.0000 1.7194 -3.5038 1.0862 ]
6 [1.0000 1.6085 -3.3889 1.1181 ]
5 [1.0000 1.5865 -3.3033 0.9909 ]
4 [1.0000 1.6029 -3.3104 1.0586 ]
3 [1.0000 1.5516 -3.2502 0.9850 ]
2 [1.0000 1.9832 -4.2846 1.1802 ]
1 [1.0000 1.8920 -3.8770 1.0677 ]

9 [1.0000 1.4710 -3.1006 0.6980 ]
8 [1.0000 1.4899 -3.1627 0.7217 ]
7 [1.0000 1.6542 -3.6190 0.8789 ]
6 [1.0000 1.7414 -4.0513 0.9908 ]
5 [1.0000 1.5632 -3.5481 0.7691 ]
4 [1.0000 1.4157 -3.2848 0.6322 ]
3 [1.0000 1.6302 -3.7536 0.7592 ]
2 [1.0000 1.7245 -4.0567 0.9758 ]
1 [1.0000 1.5408 -3.6142 0.8448 ]

9 [1.0000 1.6679 -3.4463 0.7516 ]
8 [1.0000 1.6436 -3.4077 0.7303 ]
7 [1.0000 1.6874 -3.4876 0.7696 ]
6 [1.0000 1.6615 -3.4223 0.7407 ]
5 [1.0000 1.6409 -3.3922 0.7539 ]
4 [1.0000 1.6296 -3.3259 0.9268 ]
3 [1.0000 1.9090 -3.9039 1.1230 ]
2 [1.0000 2.0914 -4.6518 1.4003 ]
1 [1.0000 1.9738 -4.3306 1.3628 ]

9 [1.0000 1.8955 -3.8469 1.0495 ]
8 [1.0000 1.8743 -3.7657 1.1048 ]
7 [1.0000 1.9206 -3.9483 1.0830 ]
6 [1.0000 1.7663 -3.5762 0.9262 ]
5 [1.0000 1.7614 -3.5328 0.9295 ]
4 [1.0000 1.8699 -3.6271 0.9410 ]
3 [1.0000 2.3041 -4.4865 1.2391 ]
2 [1.0000 2.1828 -4.3009 1.0995 ]
1 [1.0000 2.3454 -4.9119 1.2858 ]

9 [1.0000 2.5008 -6.0216 1.7181 ]
8 [1.0000 1.7786 -3.4660 1.1482 ]
7 [1.0000 1.9265 -3.7294 1.1547 ]
6 [1.0000 1.8698 -3.5950 1.1360 ]
5 [1.0000 1.7347 -3.2805 1.1157 ]
4 [1.0000 1.4720 -2.8447 0.7916 ]
3 [1.0000 1.3036 -2.5720 0.7226 ]
2 [1.0000 1.4109 -2.6925 0.8517 ]
1 [1.0000 1.5813 -3.2072 1.1542 ]

9 [1.0000 2.0060 -4.0458 1.0938 ]
8 [1.0000 2.0477 -4.1185 1.1249 ]
7 [1.0000 2.3898 -4.8556 1.2245 ]
6 [1.0000 2.4263 -4.9067 1.2542 ]
5 [1.0000 2.5109 -4.9118 1.2049 ]
4 [1.0000 2.2756 -4.3462 1.0309 ]
3 [1.0000 1.8746 -3.4809 0.7551 ]
2 [1.0000 1.8896 -3.3834 0.7771 ]
1 [1.0000 1.8712 -3.2582 0.8686 ]

9 [1.0000 1.6001 -3.3133 0.9793 ]
8 [1.0000 1.5678 -3.2562 0.9961 ]
7 [1.0000 1.4696 -3.0914 0.9953 ]
6 [1.0000 1.4000 -2.9609 0.9820 ]
5 [1.0000 1.4525 -2.9625 1.0400 ]
4 [1.0000 1.6496 -3.3500 1.2068 ]
3 [1.0000 1.5899 -3.2768 1.0908 ]
2 [1.0000 1.7428 -3.6155 1.0526 ]
1 [1.0000 1.6103 -3.3382 1.0661 ]

9 [1.0000 1.7108 -3.4560 0.9797 ]
8 [1.0000 1.6485 -3.3348 0.9597 ]
7 [1.0000 1.6599 -3.3852 0.9999 ]
6 [1.0000 1.6402 -3.2871 0.9535 ]
5 [1.0000 1.7147 -3.5720 0.9586 ]
4 [1.0000 1.7831 -3.5530 0.9323 ]
3 [1.0000 1.8497 -3.6689 1.0283 ]
2 [1.0000 1.8921 -3.7572 1.2254 ]
1 [1.0000 1.8131 -3.5531 1.1805 ]

9 [1.0000 1.6942 -3.2170 0.4787 ]
8 [1.0000 1.6647 -3.1402 0.4120 ]
7 [1.0000 1.8449 -3.7797 0.6708 ]
6 [1.0000 1.7587 -3.6064 0.6257 ]
5 [1.0000 1.5751 -3.2622 0.5529 ]
4 [1.0000 1.4508 -3.1609 0.5652 ]
3 [1.0000 1.3854 -3.2723 0.5620 ]
2 [1.0000 1.4544 -3.3439 0.5872 ]
1 [1.0000 1.5172 -3.2258 0.5292 ]

9 [1.0000 2.9616 -5.4699 1.0981 ]
8 [1.0000 3.1279 -5.7373 1.1284 ]
7 [1.0000 3.2045 -6.0274 1.5551 ]
6 [1.0000 3.2617 -6.0478 1.5103 ]
5 [1.0000 3.0134 -5.5737 1.1678 ]
4 [1.0000 3.2923 -5.9628 1.4163 ]
3 [1.0000 2.9938 -5.3318 1.3813 ]
2 [1.0000 2.7572 -5.0162 1.2514 ]
1 [1.0000 2.7559 -4.6835 1.3069 ]

9 [1.0000 2.3012 -4.5372 1.1554 ]
8 [1.0000 2.3660 -4.6537 1.1970 ]
7 [1.0000 2.4501 -4.8040 1.2515 ]
6 [1.0000 2.6437 -5.1818 1.3134 ]
5 [1.0000 2.4950 -4.9359 1.3435 ]
4 [1.0000 2.3827 -4.7462 1.2622 ]
3 [1.0000 2.2385 -4.3556 1.1811 ]
2 [1.0000 1.9128 -3.7359 1.0683 ]
1 [1.0000 2.4475 -5.1573 1.3888 ]

9 [1.0000 2.2615 -4.8555 1.2254 ]
8 [1.0000 2.2265 -4.7690 1.1852 ]
7 [1.0000 2.1382 -4.6384 1.2127 ]
6 [1.0000 1.8957 -4.3945 1.1134 ]
5 [1.0000 2.0620 -4.4044 1.2206 ]
4 [1.0000 1.9556 -4.1725 1.1079 ]
3 [1.0000 1.8139 -3.7648 0.9489 ]
2 [1.0000 1.8935 -3.9121 1.1251 ]
1 [1.0000 1.9863 -3.8795 1.1516 ]

9 [1.0000 1.9315 -3.9379 1.1156 ]
8 [1.0000 1.9177 -3.9190 1.1208 ]
7 [1.0000 1.9304 -3.9348 1.1363 ]
6 [1.0000 2.0291 -4.1122 1.1961 ]
5 [1.0000 2.3126 -4.5809 1.3306 ]
4 [1.0000 2.4359 -4.7137 1.3785 ]
3 [1.0000 1.9598 -4.0444 0.9034 ]
2 [1.0000 1.8294 -3.6994 0.9912 ]
1 [1.0000 1.6866 -3.3374 0.8370 ]

9 [1.0000 2.1120 -4.2017 1.1577 ]
8 [1.0000 2.1113 -4.1906 1.1720 ]
7 [1.0000 2.1373 -4.2370 1.2012 ]
6 [1.0000 2.1648 -4.2931 1.2360 ]
5 [1.0000 2.3193 -4.6015 1.3520 ]
4 [1.0000 2.3662 -4.5733 1.3726 ]
3 [1.0000 2.1885 -4.2162 1.1828 ]
2 [1.0000 2.2338 -4.3617 1.2835 ]
1 [1.0000 2.1830 -3.6971 1.1950 ]

9 [1.0000 2.9473 -6.6090 1.9728 ]
8 [1.0000 3.1530 -7.1640 2.1948 ]
7 [1.0000 3.0608 -7.0059 2.2112 ]
6 [1.0000 3.7729 -8.7315 2.6464 ]
5 [1.0000 4.7463 -10.9159 3.3780 ]
4 [1.0000 9.6852 -20.4489 6.1098 ]
3 [1.0000 8.0965 -16.4975 4.6557 ]
2 [1.0000 4.1842 -8.2562 2.3936 ]
1 [1.0000 2.1039 -4.7145 1.2651 ]

9 [1.0000 1.9092 -3.8990 1.0952 ]
8 [1.0000 1.8969 -3.8886 1.1024 ]
7 [1.0000 1.8686 -3.8491 1.1003 ]
6 [1.0000 1.7239 -3.6140 1.0281 ]
5 [1.0000 1.7139 -3.7881 1.1167 ]
4 [1.0000 1.7248 -3.9693 1.1764 ]
3 [1.0000 2.0577 -4.4621 1.5239 ]
2 [1.0000 1.7906 -3.4398 0.9759 ]
1 [1.0000 2.3701 -4.5315 1.2285 ]

9 [1.0000 1.7981 -3.5489 0.9440 ]
8 [1.0000 2.0330 -4.0030 1.0527 ]
7 [1.0000 2.1336 -4.2144 1.1511 ]
6 [1.0000 1.8974 -3.7250 0.9184 ]
5 [1.0000 2.0957 -3.8667 1.0188 ]
4 [1.0000 1.9952 -3.5391 0.9983 ]
3 [1.0000 2.1704 -3.7197 1.0271 ]
2 [1.0000 2.3387 -3.8434 1.1325 ]
1 [1.0000 2.6831 -3.9032 0.9456 ]

9 [1.0000 1.3537 -2.7217 0.6807 ]
8 [1.0000 1.6146 -3.2387 0.8155 ]
7 [1.0000 1.6170 -3.2972 0.8163 ]
6 [1.0000 2.1599 -4.4877 1.0780 ]
5 [1.0000 2.3489 -4.6608 1.0810 ]
4 [1.0000 2.1523 -4.2785 0.8663 ]
3 [1.0000 2.1446 -4.6071 1.0822 ]
2 [1.0000 1.8652 -3.9674 0.9512 ]
1 [1.0000 1.5659 -3.2889 0.7117 ]

