(0.6567;-4.6173) 
(2.9653;0.3685) (1.9042;-2.4908) (-1.6519;-4.6214) 
(2.7643;0.9625) (3.1911;-0.1090) (3.1737;0.0743) (2.3793;-1.6631) (0.7033;-1.6889) (-1.9399;-3.5976) (-3.9591;-0.4407) 
(2.2495;-1.5433) (2.4106;1.8656) (3.2659;-0.1552) (3.0550;-0.2665) (3.1878;0.5321) (3.2951;-0.3176) (3.1755;0.0785) (2.3605;-1.7087) (1.5064;0.0005) (0.9589;-1.0955) (-0.1127;-1.0477) (-2.3028;-3.3326) (-3.7526;0.4331) (-3.6473;-0.2224) (-4.1846;-0.8522) 
(2.9324;-1.2830) (1.7841;-1.0136) (1.3651;0.1756) (2.2287;1.5516) (3.2605;0.5120) (3.3118;-0.4094) (3.1064;-0.0012) (2.9301;-0.3514) (2.8731;0.2374) (3.1249;0.2661) (3.5098;0.5037) (3.5357;-0.4518) (3.1187;-0.3823) (3.2389;0.6228) (3.2113;-0.6780) (1.9677;-1.8093) (1.5494;0.9728) (1.7013;-0.6692) (1.4691;0.2048) (1.1252;-0.8926) (0.4189;-0.5199) (-0.0227;-0.3633) (-0.6421;-0.8755) (-2.4690;-2.7784) (-4.1303;-0.5442) (-4.0140;0.7767) (-3.5965;0.0584) (-3.7635;-0.3923) (-3.7251;0.4689) (-3.9043;-0.8272) (-4.6780;-0.7201) 
(3.5739;-1.2027) (2.7087;-0.5277) (2.2909;-0.3079) (1.9523;-0.3693) (1.2773;-0.9808) (0.9030;0.2321) (1.4529;0.8676) (2.4086;1.0438) (3.0045;0.1480) (3.2496;0.3422) (3.5165;0.1915) (3.5562;-0.1120) (3.1070;-0.7864) (2.6248;-0.1781) (3.1058;1.1402) (3.4570;-0.4378) (2.7544;-0.9674) (2.4240;0.3066) (2.9918;0.8289) (3.3655;-0.0813) (3.2579;-0.1339) (3.5222;0.6625) (3.7616;-0.1838) (3.5922;-0.1549) (3.3098;-0.4099) (3.0010;-0.2077) (2.9275;0.0606) (3.0993;0.2830) (3.5503;0.6190) (3.5243;-0.6710) (2.8723;-0.6329) (1.3984;-2.3150) (1.0630;1.6442) (1.9806;0.1910) (2.0358;-0.0806) (1.6278;-0.7354) (1.3667;0.2132) (1.4663;-0.0140) (1.5715;0.2244) (1.2845;-0.7985) (0.6789;-0.4126) (0.1991;-0.5469) (0.1589;0.4665) (0.1962;-0.3921) (-0.2043;-0.4089) (-0.6121;-0.4067) (-1.0798;-0.5286) (-2.0453;-1.4023) (-3.8582;-2.2236) (-5.0888;-0.2375) (-4.4024;1.6103) (-3.5793;0.0359) (-3.6257;-0.1287) (-3.7384;-0.0967) (-3.5673;0.4389) (-3.6350;-0.5742) (-3.9596;-0.0750) (-3.5942;0.8057) (-3.4907;-0.5987) (-3.8535;-0.1269) (-4.3179;-0.8019) (-4.8779;-0.3181) (-5.0380;-0.0022) 
(4.1753;0.3506) (3.9921;-0.7169) (2.9725;-1.3222) (2.3114;-0.0000) (2.4449;0.2669) (2.5197;-0.1172) (2.1370;-0.6483) (1.8128;0.0000) (1.7677;-0.0902) (1.3602;-0.7248) (0.7869;-0.4216) (0.5761;0.0000) (1.0191;0.8859) (1.4451;-0.0338) (1.8867;0.9168) (2.3451;0.0000) (2.9304;1.1707) (3.4966;-0.0383) (3.0785;-0.7980) (2.6795;0.0000) (3.4207;1.4824) (3.9284;-0.4671) (3.6122;-0.1653) (3.5296;0.0000) (3.5003;-0.0586) (3.1825;-0.5770) (2.7138;-0.3603) (2.5337;0.0000) (2.5357;0.0041) (3.0898;1.1041) (3.6759;0.0681) (3.6293;-0.1614) (3.2381;-0.6209) (2.4683;-0.9188) (2.2707;0.5237) (2.5326;0.0000) (2.5774;0.0896) (2.7905;0.3367) (3.4062;0.8948) (3.8536;-0.0000) (3.3249;-1.0575) (2.6385;-0.3153) (3.1910;1.4204) (3.9012;0.0000) (3.8535;-0.0953) (3.6835;-0.2448) (3.6697;0.2171) (3.7782;0.0000) (3.5148;-0.5269) (3.2329;-0.0369) (3.1049;-0.2191) (2.9954;-0.0000) (2.8972;-0.1963) (2.9992;0.4005) (2.9578;-0.4833) (2.7161;0.0000) (3.2408;1.0494) (4.1491;0.7672) (3.8598;-1.3458) (3.1869;-0.0000) (3.1888;0.0038) (3.0412;-0.2989) (2.5559;-0.6719) (1.1658;-2.1082) (0.2409;0.2584) (1.1440;1.5477) (1.8851;-0.0654) (1.8524;-0.0000) (2.0762;0.4475) (2.6614;0.7230) (1.9955;-2.0548) (0.9681;0.0000) (1.2601;0.5839) (1.6462;0.1884) (1.4733;-0.5342) (1.2061;0.0000) (1.4593;0.5063) (1.6314;-0.1621) (1.6837;0.2669) (1.8172;0.0000) (0.8852;-1.8639) (0.2126;0.5188) (0.4726;0.0011) (0.4731;-0.0000) (-0.0743;-1.0949) (-0.0473;1.1488) (0.3922;-0.2698) (0.2573;0.0000) (0.0001;-0.5143) (-0.1968;0.1204) (-0.4088;-0.5443) (-0.6809;0.0000) (-0.8155;-0.2691) (-1.1223;-0.3445) (-1.3441;-0.0991) (-1.8222;-0.8571) (-2.7464;-0.9913) (-3.9618;-1.4394) (-4.9700;-0.5770) (-5.2585;0.0000) (-5.2075;0.1020) (-4.2090;1.8952) (-3.5972;-0.6718) (-3.9331;0.0000) (-3.5613;0.7436) (-3.2751;-0.1711) (-3.6900;-0.6588) (-4.0194;0.0000) (-3.7868;0.4653) (-3.1904;0.7274) (-3.3479;-1.0422) (-3.8690;0.0000) (-3.9221;-0.1063) (-4.2388;-0.5270) (-3.9971;1.0104) (-3.4919;0.0000) (-3.1913;0.6011) (-3.1096;-0.4377) (-3.7901;-0.9231) (-4.2516;0.0000) (-3.9169;0.6694) (-3.9354;-0.7064) (-4.7188;-0.8604) (-5.1491;0.0000) (-5.0369;0.2242) (-4.8702;0.1092) (-5.0391;-0.4470) 
(-4.8657;-9.6921) 
(-0.0197;-0.8103) (-2.8475;-4.8455) (-9.7118;-8.8830) 
(0.3781;1.1824) (-0.2664;-2.4715) (-0.4944;2.0153) (-1.1104;-3.2473) (-5.2370;-5.0059) (-10.7014;-5.9230) (-14.1360;-0.9461) 
(-0.1830;-1.2020) (-0.1494;1.2694) (1.0474;1.1241) (0.6359;-1.9471) (-1.4000;-2.1247) (-1.5752;1.7743) (0.5511;2.4783) (0.0587;-3.4629) (-2.8227;-2.3000) (-5.0044;-2.0635) (-7.7370;-3.4017) (-11.3740;-3.8721) (-13.5513;-0.4827) (-13.7444;0.0965) (-14.6279;-1.8635) 
(0.3931;-0.2974) (-0.4683;-1.4254) (-0.8788;0.6045) (-0.4489;0.2553) (0.3544;1.3514) (1.0244;-0.0114) (1.4714;0.9055) (1.1096;-1.6291) (-0.6091;-1.8083) (-1.6918;-0.3572) (-2.4066;-1.0724) (-2.0329;1.8200) (-0.6680;0.9097) (1.1802;2.7868) (1.7791;-1.5891) (0.0344;-1.9004) (-1.7471;-1.6625) (-3.2346;-1.3127) (-4.0631;-0.3443) (-4.7048;-0.9391) (-5.9538;-1.5590) (-7.5199;-1.5733) (-9.3737;-2.1342) (-11.8118;-2.7420) (-13.4962;-0.6268) (-13.5588;0.5015) (-14.0634;-1.5107) (-14.1218;1.3939) (-13.6239;-0.3980) (-14.2743;-0.9028) (-15.6131;-1.7748) 
(0.5418;-0.2443) (0.3286;-0.1820) (0.2444;0.0136) (-0.3109;-1.1241) (-1.1811;-0.6162) (-1.2014;0.5755) (-0.5766;0.6741) (-0.1159;0.2473) (-0.3213;-0.6582) (-0.0851;1.1307) (1.0301;1.0996) (1.5636;-0.0324) (1.0186;-1.0575) (0.6817;0.3835) (1.9242;2.1015) (2.4525;-1.0448) (0.2950;-3.2702) (-1.8265;-0.9728) (-1.5132;1.5993) (-0.8307;-0.2343) (-1.8704;-1.8452) (-2.7771;0.0318) (-2.9429;-0.3634) (-2.3559;1.5373) (-1.1229;0.9287) (-0.7653;-0.2136) (-0.2132;1.3180) (1.3398;1.7880) (2.5736;0.6795) (2.1597;-1.5074) (0.9846;-0.8428) (-0.0495;-1.2252) (-0.9158;-0.5075) (-1.5830;-0.8268) (-2.5783;-1.1639) (-3.4529;-0.5853) (-3.8909;-0.2908) (-4.2747;-0.4767) (-4.2353;0.5556) (-4.6094;-1.3039) (-5.1743;0.1741) (-5.5387;-0.9029) (-6.7333;-1.4863) (-7.6069;-0.2608) (-8.3066;-1.1386) (-9.1936;-0.6354) (-10.4408;-1.8589) (-11.4635;-0.1865) (-13.1828;-3.2522) (-14.8551;-0.0924) (-13.8096;2.1834) (-12.3283;0.7793) (-13.3081;-2.7389) (-15.1767;-0.9984) (-14.8188;1.7142) (-13.9103;0.1028) (-13.4249;0.8681) (-13.0326;-0.0837) (-13.8229;-1.4969) (-14.4408;0.2609) (-14.7257;-0.8307) (-15.6630;-1.0439) (-16.5005;-0.6312) 
(0.6639;-0.6722) (0.4742;0.2927) (0.4196;-0.4018) (0.2187;0.0000) (0.2376;0.0378) (0.2756;0.0382) (0.2512;-0.0871) (0.2076;-0.0000) (-0.8730;-2.1611) (-1.6949;0.5173) (-1.4891;-0.1058) (-1.5420;0.0000) (-0.9136;1.2569) (-0.4793;-0.3882) (-0.2395;0.8677) (0.1943;0.0000) (0.0078;-0.3731) (-0.4587;-0.5599) (-0.6504;0.1764) (-0.5622;0.0000) (0.4803;2.0851) (1.3104;-0.4248) (1.5798;0.9636) (2.0616;0.0000) (1.5474;-1.0285) (0.7538;-0.5588) (0.4899;0.0311) (0.5054;0.0000) (0.8734;0.7360) (1.7203;0.9578) (2.9749;1.5514) (2.9826;-1.5361) (1.9302;-0.5687) (0.7374;-1.8167) (-1.3401;-2.3383) (-2.5092;-0.0000) (-2.3129;0.3926) (-1.7355;0.7622) (-0.7136;1.2817) (-0.0727;0.0000) (-0.9479;-1.7503) (-2.6962;-1.7464) (-2.7930;1.5529) (-2.0166;0.0000) (-2.7612;-1.4892) (-3.7597;-0.5078) (-3.1246;1.7781) (-2.2355;0.0000) (-1.5872;1.2965) (-0.8642;0.1495) (-0.6586;0.2618) (-0.5277;0.0000) (-0.8721;-0.6889) (-0.6840;1.0652) (0.4458;1.1944) (1.0430;0.0000) (2.2339;2.3817) (3.7750;0.7007) (2.9134;-2.4240) (1.7014;0.0000) (1.4060;-0.5908) (0.8982;-0.4248) (0.5632;-0.2453) (-0.1380;-1.1570) (-0.6621;0.1089) (-0.3396;0.5360) (-1.1696;-2.1959) (-2.2675;0.0000) (-1.9963;0.5424) (-2.0354;-0.6206) (-3.1602;-1.6290) (-3.9747;0.0000) (-3.7455;0.4584) (-3.4465;0.1397) (-4.0363;-1.3195) (-4.6961;-0.0000) (-4.5131;0.3660) (-3.9199;0.8203) (-3.9574;-0.8953) (-4.4051;0.0000) (-5.2614;-1.7125) (-5.4574;1.3205) (-5.0873;-0.5802) (-5.3774;0.0000) (-5.9902;-1.2256) (-6.9283;-0.6506) (-7.4765;-0.4458) (-7.6994;0.0000) (-7.7373;-0.0758) (-8.3014;-1.0526) (-8.8759;-0.0963) (-8.9241;0.0000) (-9.5113;-1.1745) (-10.7031;-1.2091) (-11.3702;-0.1251) (-10.8790;1.1075) (-11.5567;-2.4629) (-13.8032;-2.0301) (-14.8089;0.0188) (-14.7995;0.0000) (-14.9013;-0.2035) (-14.1691;1.6679) (-12.7179;1.2344) (-12.1007;0.0000) (-11.9387;0.3241) (-12.5864;-1.6196) (-14.6775;-2.5626) (-15.9588;0.0000) (-15.6759;0.5658) (-14.8063;1.1734) (-13.9617;0.5157) (-13.7039;0.0000) (-13.8589;-0.3101) (-13.4389;1.1502) (-12.9908;-0.2541) (-13.1178;0.0000) (-13.0744;0.0868) (-13.6505;-1.2390) (-14.5713;-0.6026) (-14.8726;0.0000) (-14.3104;1.1245) (-14.0214;-0.5465) (-15.1410;-1.6928) (-15.9874;0.0000) (-16.1849;-0.3950) (-16.2359;0.2929) (-16.8161;-1.4532) 
(14.0892;19.0646) 
(4.5569;1.1669) (9.8934;9.5062) (23.6215;17.9500) 
(4.0242;-2.4742) (4.8835;4.1928) (5.2391;-3.4816) (6.7140;6.4312) (14.5858;9.3124) (25.3325;12.1810) (32.5600;2.2740) 
(5.2232;3.0475) (5.1950;-3.1038) (2.8016;-1.6831) (3.5777;3.2354) (6.7847;3.1786) (7.0922;-2.5635) (3.4010;-4.8188) (4.2238;6.4644) (10.0456;5.1792) (14.3301;3.3898) (19.2962;6.5423) (26.7521;8.3696) (31.2071;0.5404) (31.8830;0.8113) (33.7123;2.8473) 
(3.8546;1.7743) (5.7417;1.9998) (6.9183;0.3536) (5.8486;-2.4931) (3.7793;-1.6455) (3.0933;0.2735) (2.1305;-2.1992) (2.7775;3.4933) (5.6109;2.1735) (7.0438;0.6925) (8.2358;1.6915) (8.1088;-1.9456) (5.9235;-2.4250) (1.8308;-5.7604) (0.8936;3.8859) (4.7502;3.8274) (7.4733;1.6187) (10.3013;4.0373) (12.8269;1.0139) (13.7119;0.7561) (15.7440;3.3081) (19.0952;3.3945) (22.5595;3.5340) (27.5286;6.4043) (31.3426;1.2238) (31.3868;-1.1356) (31.9683;2.2986) (32.5348;-1.1655) (32.2348;0.5655) (33.0037;0.9722) (35.1949;3.4102) 
(2.9675;2.1330) (4.5393;1.0108) (4.7418;-0.6059) (5.1237;1.3698) (6.7416;1.8658) (7.5099;-0.3291) (7.0951;-0.5006) (5.9274;-1.8349) (4.6020;-0.8158) (3.8287;-0.7307) (2.9565;-1.0137) (2.5554;0.2114) (3.2300;1.1378) (3.2877;-1.0226) (1.0309;-3.4910) (0.5460;2.5213) (4.5241;5.4350) (7.6944;0.9055) (6.6976;-2.8991) (5.6609;0.8257) (7.3901;2.6327) (8.8476;0.2824) (9.0816;0.1855) (8.2406;-1.8675) (7.1360;-0.3416) (6.6388;-0.6528) (4.7110;-3.2029) (1.5884;-3.0423) (-1.0494;-2.2333) (-0.3914;3.5493) (2.8365;2.9064) (5.6865;2.7935) (6.6640;-0.8386) (6.7908;1.0923) (8.2826;1.8914) (10.4194;2.3820) (12.3200;1.4192) (13.3773;0.6955) (13.3338;-0.7824) (13.7548;1.6243) (14.0899;-0.9539) (14.5278;1.8296) (17.3980;3.9109) (19.6250;0.5431) (20.7925;1.7919) (22.3336;1.2903) (24.3265;2.6955) (26.6106;1.8728) (30.7307;6.3675) (34.3259;0.8228) (31.9545;-5.5656) (28.7466;-0.8504) (30.8190;4.9952) (34.1646;1.6961) (33.1176;-3.7902) (31.4769;0.5089) (31.9520;0.4413) (31.8571;-0.6313) (32.5176;1.9523) (32.9804;-1.0267) (33.4898;2.0456) (35.3914;1.7576) (36.9000;1.2596) 
(1.9010;-0.1980) (2.4645;1.3251) (4.0339;1.8138) (4.9408;0.0000) (5.0447;0.2078) (4.6495;-0.9981) (4.4388;0.5768) (4.7272;0.0000) (5.8086;2.1629) (7.0604;0.3406) (7.6745;0.8876) (8.1183;0.0000) (7.3454;-1.5458) (7.4836;1.8223) (6.8448;-3.0999) (5.2949;-0.0000) (5.0099;-0.5699) (4.1903;-1.0692) (4.1941;1.0767) (4.7324;0.0000) (3.4634;-2.5381) (2.0522;-0.2844) (2.4497;1.0795) (2.9894;0.0000) (2.6612;-0.6566) (3.3035;1.9414) (3.7989;-0.9506) (3.3237;0.0000) (2.7764;-1.0946) (1.4129;-1.6324) (-0.7147;-2.6228) (-1.0977;1.8568) (1.8067;3.9518) (4.8733;2.1815) (7.2416;2.5552) (8.5192;0.0000) (8.1471;-0.7441) (7.0125;-1.5252) (5.2480;-2.0036) (4.2462;0.0000) (6.0737;3.6550) (9.0225;2.2426) (8.7064;-2.8749) (7.2690;-0.0000) (8.9888;3.4396) (10.6737;-0.0698) (9.1744;-2.9290) (7.7099;0.0000) (7.3069;-0.8060) (7.0596;0.3116) (6.9652;-0.5004) (6.7150;0.0000) (6.3124;-0.8052) (4.9967;-1.8262) (3.1095;-1.9481) (2.1355;0.0000) (0.0673;-4.1365) (-3.2702;-2.5385) (-2.1660;4.7469) (0.2074;0.0000) (1.3833;2.3518) (2.9521;0.7858) (4.2897;1.8895) (6.5724;2.6759) (7.0833;-1.6541) (5.5757;-1.3611) (6.2446;2.6990) (7.5941;0.0000) (7.3369;-0.5145) (6.9912;-0.1769) (9.2283;4.6511) (11.5539;-0.0000) (11.6104;0.1129) (11.7786;0.2236) (13.0296;2.2783) (14.1687;0.0000) (13.7251;-0.8873) (13.0497;-0.4635) (12.9426;0.2495) (13.0674;-0.0000) (14.5669;2.9991) (14.7578;-2.6172) (13.6130;0.3275) (13.7767;0.0000) (15.4426;3.3318) (17.9072;1.5974) (19.3534;1.2951) (20.0010;0.0000) (19.8965;-0.2089) (20.3323;1.0804) (21.6884;1.6318) (22.5043;0.0000) (22.9787;0.9488) (24.5972;2.2882) (25.6742;-0.1341) (25.3303;-0.5536) (27.5470;4.9869) (31.8434;3.6061) (33.9145;0.5360) (34.1825;0.0000) (34.7373;1.1096) (32.6172;-5.3499) (29.1717;-1.5409) (28.4013;0.0000) (28.3214;-0.1598) (29.7348;2.9867) (33.3166;4.1769) (35.4050;-0.0000) (35.0127;-0.7847) (32.7091;-3.8225) (31.2225;0.8493) (31.6472;0.0000) (31.7314;0.1684) (32.1515;0.6718) (32.1727;-0.6293) (31.8580;0.0000) (31.5414;-0.6332) (32.1504;1.8511) (33.4937;0.8357) (33.9116;0.0000) (32.4670;-2.8891) (32.2201;2.3951) (34.5126;2.1899) (35.6075;0.0000) (36.2702;1.3253) (36.7904;-0.2847) (37.5298;1.7633) 
